1 0.54375 0.67421875 0.1234375 0.4328125
1 0.25390625 0.63828125 0.05234375 0.24609375
1 0.084375 0.58828125 0.05 0.1765625
1 0.046875 0.590625 0.03359375 0.16640625
1 0.0171875 0.58515625 0.03359375 0.14921875
1 0.77890625 0.5703125 0.0375 0.1234375
1 0.74140625 0.57265625 0.03125 0.11640625
1 0.15703125 0.61640625 0.03828125 0.16484375
1 0.71328125 0.5734375 0.01953125 0.1078125
1 0.6015625 0.57890625 0.02578125 0.125
1 0.56796875 0.58671875 0.034375 0.13125
1 0.66328125 0.578125 0.02265625 0.11328125
1 0.42734375 0.58203125 0.02578125 0.13359375
1 0.46171875 0.58671875 0.02890625 0.14375
1 0.6921875 0.57890625 0.02734375 0.11171875
1 0.67265625 0.30859375 0.15859375 0.1453125
1 0.64921875 0.5796875 0.025 0.109375
1 0.4828125 0.5859375 0.0265625 0.121875
1 0.234375 0.615625 0.03359375 0.1375
1 0.31171875 0.57890625 0.01640625 0.096875
1 0.2984375 0.57421875 0.02265625 0.10390625
1 0.61953125 0.58046875 0.021875 0.1125
1 0.3890625 0.58125 0.01796875 0.103125
1 0.34609375 0.578125 0.021875 0.11875
1 0.371875 0.58125 0.02265625 0.1203125
1 0.5 0.5859375 0.021875 0.12734375
1 0.32265625 0.57734375 0.02265625 0.11015625
1 0.1484375 0.559375 0.01640625 0.07265625
1 0.13046875 0.56015625 0.01640625 0.06875
1 0.1171875 0.5609375 0.0140625 0.0671875
1 0.9796875 0.56640625 0.01796875 0.08359375
1 0.925 0.56328125 0.02578125 0.0875
1 0.8109375 0.5625 0.02421875 0.07890625
1 0.99453125 0.5671875 0.0109375 0.084375
1 0.9046875 0.56484375 0.0203125 0.08125
1 0.88671875 0.5625 0.02578125 0.0828125
1 0.85234375 0.5640625 0.02421875 0.08046875
1 0.03984375 0.46015625 0.07734375 0.07734375
1 0.3625 0.5828125 0.015625 0.09921875
1 0.2890625 0.43359375 0.05703125 0.05390625
1 0.9640625 0.56640625 0.01875 0.08671875
1 0.834375 0.5625 0.01796875 0.071875
1 0.39921875 0.58125 0.02421875 0.125
1 0.94765625 0.57109375 0.0203125 0.071875
1 0.28046875 0.6 0.01328125 0.0546875