1 0.478125 0.79296875 0.046875 0.184375
1 0.1953125 0.759375 0.0375 0.171875
1 0.03046875 0.53046875 0.0265625 0.10078125
1 0.3234375 0.74921875 0.04375 0.1578125
1 0.43203125 0.7125 0.04375 0.15
1 0.26640625 0.6859375 0.0453125 0.140625
1 0.5359375 0.68125 0.0375 0.13984375
1 0.1484375 0.70234375 0.0390625 0.13828125
1 0.11875 0.6484375 0.034375 0.12734375
1 0.715625 0.6328125 0.03203125 0.134375
1 0.04921875 0.54921875 0.025 0.09609375
1 0.0703125 0.58359375 0.0296875 0.11328125
1 0.63046875 0.65859375 0.0296875 0.13125
1 0.3671875 0.6578125 0.034375 0.12109375
1 0.8578125 0.59921875 0.03125 0.11015625
1 0.7921875 0.61171875 0.0328125 0.11796875
1 0.87421875 0.86953125 0.0515625 0.11875
1 0.09609375 0.615625 0.03046875 0.11875
1 0.82734375 0.83046875 0.04921875 0.11953125
1 0.18671875 0.590625 0.03671875 0.1140625
1 0.14921875 0.57265625 0.03203125 0.10390625
1 0.215625 0.6328125 0.034375 0.115625
1 0.55546875 0.609375 0.02890625 0.11953125
1 0.1265625 0.53671875 0.02890625 0.08984375
1 0.9453125 0.57578125 0.03125 0.10234375
1 0.590625 0.57734375 0.028125 0.1046875
1 0.47265625 0.63359375 0.03125 0.121875
1 0.40859375 0.6015625 0.02890625 0.1140625
1 0.83359375 0.55625 0.034375 0.10078125
1 0.24140625 0.5609375 0.03046875 0.1
1 0.1875 0.50390625 0.0234375 0.071875
1 0.49921875 0.58359375 0.0328125 0.1125
1 0.88203125 0.54921875 0.02890625 0.09609375
1 0.28359375 0.58984375 0.0375 0.10703125
1 0.38984375 0.54140625 0.02734375 0.10078125
1 0.44140625 0.56171875 0.03125 0.1109375
1 0.1 0.51640625 0.0328125 0.09453125
1 0.478125 0.53046875 0.02578125 0.0875
1 0.759375 0.53203125 0.03046875 0.090625
1 0.91171875 0.58515625 0.03125 0.10390625
1 0.6421875 0.58515625 0.03125 0.09609375
1 0.28046875 0.51640625 0.0296875 0.07890625
1 0.70859375 0.53515625 0.02578125 0.08984375
1 0.353125 0.5171875 0.0265625 0.08984375
1 0.32890625 0.61640625 0.03125 0.10703125
1 0.521875 0.54765625 0.0265625 0.09296875
1 0.32890625 0.45234375 0.01796875 0.07109375
1 0.80625 0.52421875 0.02421875 0.0765625
1 0.72578125 0.58671875 0.03046875 0.10390625
1 0.21875 0.4765625 0.03671875 0.0765625
1 0.5515625 0.51171875 0.02109375 0.07734375
1 0.0625 0.4296875 0.015625 0.05546875
1 0.6578125 0.565625 0.025 0.0890625
1 0.43359375 0.5078125 0.021875 0.0734375
1 0.69765625 0.49296875 0.0171875 0.07734375
1 0.6390625 0.4703125 0.0171875 0.06015625
1 0.2796875 0.471875 0.02109375 0.0609375
1 0.6453125 0.5171875 0.02265625 0.0703125
1 0.3140625 0.540625 0.02421875 0.08671875
1 0.5015625 0.4984375 0.0203125 0.0734375
1 0.034375 0.40546875 0.0140625 0.05390625
1 0.31328125 0.48515625 0.02109375 0.0640625
1 0.171875 0.4140625 0.01484375 0.05390625
1 0.9796875 0.53203125 0.0296875 0.0921875
1 0.359375 0.47109375 0.01875 0.0640625
1 0.259375 0.425 0.01484375 0.053125
1 0.74296875 0.50625 0.0203125 0.07265625
1 0.590625 0.45859375 0.01640625 0.0546875
1 0.60546875 0.5046875 0.0203125 0.0703125
1 0.8890625 0.8046875 0.04609375 0.059375
1 0.62421875 0.42265625 0.0125 0.04296875
1 0.39609375 0.4890625 0.0203125 0.071875
1 0.36484375 0.4125 0.015625 0.05078125
1 0.65703125 0.490625 0.0171875 0.059375
1 0.99375 0.53359375 0.01171875 0.0796875
1 0.221875 0.4125 0.0140625 0.04765625
1 0.38203125 0.44765625 0.01171875 0.05390625
1 0.23359375 0.40546875 0.0140625 0.05625
1 0.8328125 0.47265625 0.01796875 0.0546875
1 0.246875 0.48984375 0.02421875 0.059375
1 0.5515625 0.4484375 0.01640625 0.05078125
1 0.009375 0.30625 0.01015625 0.03359375
1 0.425 0.459375 0.01796875 0.06171875
1 0.4734375 0.45546875 0.01640625 0.05546875
1 0.0515625 0.434375 0.009375 0.040625
1 0.4453125 0.43359375 0.01171875 0.05390625
1 0.59296875 0.51875 0.0203125 0.0625
1 0.790625 0.55703125 0.025 0.06328125
1 0.871875 0.478125 0.0140625 0.0421875
1 0.0734375 0.43125 0.0140625 0.05
1 0.51328125 0.47109375 0.0171875 0.05390625
1 0.46875 0.4796875 0.01796875 0.05546875
1 0.225 0.38671875 0.01171875 0.0484375
1 0.27578125 0.378125 0.0109375 0.04765625
1 0.1078125 0.42578125 0.01328125 0.0546875
1 0.521875 0.38671875 0.009375 0.03359375
1 0.0234375 0.37734375 0.0125 0.05078125
1 0.9265625 0.4953125 0.0171875 0.04921875
1 0.7921875 0.46015625 0.0125 0.04375
1 0.6875 0.4359375 0.01171875 0.04296875
1 0.39609375 0.4453125 0.01640625 0.04453125
1 0.51015625 0.39453125 0.01171875 0.03828125
1 0.93515625 0.5078125 0.01875 0.0515625
1 0.80390625 0.47265625 0.0125 0.04140625
1 0.58828125 0.41484375 0.0109375 0.03828125
1 0.946875 0.50078125 0.0171875 0.0453125
1 0.55625 0.47109375 0.01953125 0.05
1 0.40234375 0.39140625 0.01328125 0.0515625
1 0.65546875 0.42578125 0.0125 0.03671875
1 0.0796875 0.4 0.01328125 0.0484375
1 0.30078125 0.3828125 0.01171875 0.04765625
1 0.2078125 0.5296875 0.02421875 0.06484375
1 0.48984375 0.3921875 0.01328125 0.04609375
1 0.77578125 0.453125 0.0109375 0.0453125