1 0.32890625 0.82890625 0.04140625 0.19140625
1 0.2765625 0.80078125 0.0265625 0.11796875
1 0.22109375 0.79765625 0.03515625 0.1203125
1 0.046875 0.834375 0.04609375 0.190625
1 0.125 0.7984375 0.02421875 0.109375
1 0.01328125 0.8140625 0.02578125 0.1296875
1 0.39921875 0.77734375 0.01796875 0.065625
1 0.6890625 0.77265625 0.0234375 0.0625
1 0.64375 0.7765625 0.0296875 0.0671875
1 0.884375 0.77421875 0.02265625 0.06640625
1 0.07734375 0.84609375 0.028125 0.12890625
1 0.765625 0.76171875 0.009375 0.03671875
1 0.675 0.7609375 0.0109375 0.0390625
1 0.51953125 0.75390625 0.009375 0.028125
1 0.55390625 0.7515625 0.00703125 0.0234375
1 0.78359375 0.7625 0.009375 0.0359375
1 0.57421875 0.76875 0.0125 0.0546875
1 0.565625 0.753125 0.009375 0.025
1 0.54140625 0.74921875 0.01015625 0.02265625
1 0.775 0.753125 0.00859375 0.03203125
1 0.60859375 0.75625 0.009375 0.02890625
1 0.07734375 0.76328125 0.0171875 0.05
1 0.528125 0.7890625 0.021875 0.08203125
1 0.625 0.753125 0.0078125 0.0234375
1 0.528125 0.75 0.00859375 0.02421875
1 0.6140625 0.75859375 0.01015625 0.03203125
1 0.86796875 0.77109375 0.01796875 0.06328125
1 0.60234375 0.76015625 0.01015625 0.025
1 0.58671875 0.771875 0.0125 0.04765625