1 0.23515625 0.6625 0.0921875 0.4484375
1 0.11640625 0.6875 0.09765625 0.42890625
1 0.3328125 0.56015625 0.0390625 0.20546875
1 0.4 0.58984375 0.0453125 0.24296875
1 0.5484375 0.59609375 0.0578125 0.26015625
1 0.73125 0.67421875 0.0671875 0.365625
1 0.87109375 0.58203125 0.025 0.1046875
1 0.96640625 0.62265625 0.02421875 0.20390625
1 0.8890625 0.57265625 0.02578125 0.1328125
1 0.60390625 0.55234375 0.02109375 0.121875
1 0.50703125 0.53671875 0.02109375 0.10703125
1 0.0296875 0.70390625 0.059375 0.446875