1 0.14765625 0.63671875 0.08984375 0.409375
1 0.92265625 0.6125 0.08359375 0.440625
1 0.34453125 0.61796875 0.08984375 0.440625
1 0.68359375 0.625 0.09140625 0.409375
1 0.609375 0.625 0.071875 0.3921875
1 0.440625 0.61953125 0.1015625 0.43203125
1 0.22421875 0.63515625 0.075 0.41171875
1 0.79375 0.63515625 0.06015625 0.37734375
1 0.0828125 0.64140625 0.06796875 0.40625
1 0.26796875 0.6453125 0.071875 0.3890625
1 0.4890625 0.62109375 0.06015625 0.4234375
1 0.55625 0.6203125 0.07734375 0.43125
1 0.7390625 0.6453125 0.05625 0.38125
1 0.85390625 0.61640625 0.0703125 0.428125