1 0.17109375 0.7796875 0.0390625 0.153125
1 0.2625 0.7796875 0.0296875 0.1515625
1 0.309375 0.77734375 0.03359375 0.1609375
1 0.28515625 0.775 0.0359375 0.16640625
1 0.35 0.77578125 0.03515625 0.165625
1 0.36875 0.775 0.03046875 0.16015625
1 0.39609375 0.77734375 0.03203125 0.16484375
1 0.4265625 0.765625 0.03828125 0.18359375
1 0.45 0.775 0.03203125 0.17109375
1 0.47421875 0.778125 0.03046875 0.1609375
1 0.5171875 0.775 0.03125 0.16796875
1 0.55546875 0.77734375 0.02578125 0.16875
1 0.575 0.77421875 0.034375 0.175
1 0.665625 0.775 0.03671875 0.1734375
1 0.6234375 0.7703125 0.0390625 0.1734375
1 0.7515625 0.778125 0.03515625 0.17109375
1 0.7171875 0.77265625 0.03515625 0.17421875
1 0.79375 0.77421875 0.040625 0.175
1 0.86640625 0.78125 0.03671875 0.14765625
1 0.49140625 0.77734375 0.0328125 0.1734375
1 0.23125 0.77265625 0.0453125 0.17109375