1 0.56484375 0.871875 0.04140625 0.125
1 0.64765625 0.83046875 0.03203125 0.1265625
1 0.45546875 0.49375 0.01640625 0.06796875
1 0.5203125 0.83515625 0.03359375 0.1125
1 0.2671875 0.68515625 0.0328125 0.1234375
1 0.34296875 0.84609375 0.03125 0.140625
1 0.61484375 0.85859375 0.040625 0.1265625
1 0.659375 0.59921875 0.02109375 0.10390625
1 0.7359375 0.821875 0.03515625 0.12578125
1 0.69453125 0.6078125 0.0234375 0.0875
1 0.41953125 0.8078125 0.02890625 0.12578125
1 0.08203125 0.696875 0.02109375 0.13828125
1 0.1640625 0.72109375 0.0359375 0.1359375
1 0.68828125 0.8078125 0.03125 0.1640625
1 0.1109375 0.6921875 0.0359375 0.17265625
1 0.19453125 0.7078125 0.0265625 0.10390625
1 0.784375 0.7703125 0.02578125 0.1140625
1 0.29921875 0.8296875 0.04140625 0.14921875