1 0.26171875 0.809375 0.03671875 0.13984375
1 0.66953125 0.89453125 0.03828125 0.15
1 0.796875 0.88671875 0.03671875 0.1515625
1 0.51640625 0.8546875 0.03359375 0.16015625
1 0.5890625 0.65 0.03203125 0.1078125
1 0.92421875 0.90703125 0.03515625 0.15546875
1 0.84140625 0.9171875 0.03671875 0.1609375
1 0.371875 0.8296875 0.03671875 0.13984375
1 0.8890625 0.9015625 0.0453125 0.17734375
1 0.1140625 0.72109375 0.03203125 0.1234375
1 0.14453125 0.771875 0.03203125 0.11015625
1 0.984375 0.890625 0.028125 0.1828125
1 0.1796875 0.79140625 0.0234375 0.14375
1 0.54921875 0.84765625 0.02578125 0.1515625