1 0.665625 0.878125 0.0359375 0.1890625
1 0.7078125 0.875 0.0359375 0.1890625
1 0.15234375 0.74765625 0.0359375 0.15
1 0.628125 0.8765625 0.0359375 0.18046875
1 0.5703125 0.85 0.03203125 0.17421875
1 0.8859375 0.51953125 0.03203125 0.13828125
1 0.21171875 0.75078125 0.03203125 0.15
1 0.24375 0.578125 0.028125 0.1109375
1 0.659375 0.5796875 0.034375 0.15
1 0.790625 0.8796875 0.03828125 0.21015625
1 0.1578125 0.5796875 0.03203125 0.1203125
1 0.79765625 0.6078125 0.03203125 0.159375
1 0.74921875 0.8796875 0.03828125 0.21015625
1 0.915625 0.52109375 0.028125 0.146875
1 0.2859375 0.5765625 0.028125 0.1140625
1 0.08828125 0.6953125 0.04765625 0.23125