1 0.38203125 0.61875 0.1203125 0.2875
1 0.63359375 0.60625 0.07265625 0.2265625
1 0.03515625 0.60078125 0.06953125 0.1859375
1 0.17421875 0.59921875 0.084375 0.203125
1 0.10703125 0.5828125 0.05546875 0.1671875
1 0.31171875 0.6046875 0.046875 0.196875
1 0.475 0.60078125 0.08203125 0.21796875
1 0.721875 0.63125 0.078125 0.3140625
1 0.23515625 0.58671875 0.06328125 0.17265625
1 0.54921875 0.56171875 0.02265625 0.08515625
1 0.7453125 0.6296875 0.12109375 0.315625
1 0.85390625 0.58671875 0.0609375 0.1734375
1 0.965625 0.61796875 0.06875 0.2046875
1 0.9109375 0.59453125 0.0796875 0.203125