1 0.4375 0.6265625 0.10703125 0.3734375
1 0.5578125 0.6046875 0.0890625 0.31015625
1 0.69765625 0.61015625 0.06640625 0.2734375
1 0.83125 0.58828125 0.084375 0.2703125
1 0.9765625 0.5765625 0.0421875 0.2
1 0.653125 0.60078125 0.05078125 0.24375
1 0.26796875 0.603125 0.0453125 0.2265625
1 0.37265625 0.6046875 0.046875 0.2265625
1 0.93671875 0.57734375 0.046875 0.2078125
1 0.90078125 0.56875 0.0421875 0.20625
1 0.3 0.59609375 0.03984375 0.20703125
1 0.79296875 0.58359375 0.0390625 0.22890625
1 0.14296875 0.56953125 0.03125 0.13671875
1 0.76875 0.57890625 0.03828125 0.21484375
1 0.01015625 0.5734375 0.0203125 0.1203125
1 0.746875 0.5765625 0.03515625 0.20390625
1 0.03359375 0.5765625 0.028125 0.10859375
1 0.3421875 0.5828125 0.0328125 0.1828125
1 0.18125 0.5625 0.02890625 0.121875
1 0.534375 0.6171875 0.0421875 0.24921875
1 0.07578125 0.5734375 0.021875 0.11953125
1 0.10703125 0.57265625 0.02421875 0.1234375
1 0.059375 0.57109375 0.02265625 0.1140625