1 0.13046875 0.790625 0.06015625 0.33046875
1 0.3515625 0.7984375 0.05 0.296875
1 0.496875 0.79453125 0.05 0.31484375
1 0.45546875 0.7890625 0.05 0.3296875
1 0.59765625 0.79296875 0.05625 0.3171875
1 0.6890625 0.79296875 0.0453125 0.31640625
1 0.7875 0.7890625 0.04921875 0.32734375
1 0.89375 0.79140625 0.053125 0.33046875
1 0.93828125 0.79375 0.05625 0.32578125
1 0.1828125 0.77890625 0.06328125 0.35
1 0.24140625 0.79140625 0.06015625 0.32890625
1 0.06875 0.79296875 0.07265625 0.33359375
1 0.29921875 0.784375 0.059375 0.33671875
1 0.40546875 0.78984375 0.05546875 0.32734375
1 0.546875 0.78828125 0.05390625 0.33125
1 0.64453125 0.7875 0.05859375 0.3265625
1 0.74375 0.7890625 0.05859375 0.32734375
1 0.83984375 0.78203125 0.071875 0.34375