1 0.54921875 0.76015625 0.10625 0.2046875
1 0.378125 0.7578125 0.0890625 0.21484375
1 0.1625 0.759375 0.07890625 0.215625
1 0.22109375 0.7453125 0.07421875 0.19921875
1 0.26328125 0.7328125 0.0671875 0.16640625
1 0.30546875 0.7328125 0.04921875 0.12734375
1 0.33046875 0.71875 0.04375 0.12265625
1 0.44375 0.71640625 0.0328125 0.08359375
1 0.05703125 0.7453125 0.07109375 0.18671875
1 0.02109375 0.75625 0.0421875 0.196875
1 0.11875 0.73671875 0.05859375 0.165625
1 0.60703125 0.7109375 0.02578125 0.0984375
1 0.63359375 0.72578125 0.04296875 0.10546875
1 0.721875 0.74453125 0.06484375 0.20625
1 0.6671875 0.73984375 0.05703125 0.1484375
1 0.77109375 0.7625 0.0671875 0.23359375
1 0.92578125 0.7625 0.09453125 0.22734375
1 0.8765625 0.75390625 0.07890625 0.1875
1 0.82109375 0.74296875 0.06875 0.1515625