1 0.19296875 0.66796875 0.10234375 0.46875
1 0.3078125 0.66015625 0.11171875 0.471875
1 0.8 0.67578125 0.1046875 0.58359375
1 0.67109375 0.61953125 0.06328125 0.32421875
1 0.01875 0.61953125 0.0375 0.2046875
1 0.0625 0.6015625 0.03984375 0.24140625
1 0.08359375 0.59375 0.04296875 0.26640625
1 0.9078125 0.5765625 0.0375 0.23515625
1 0.7203125 0.65703125 0.10546875 0.65390625
1 0.89609375 0.08515625 0.0484375 0.13671875
1 0.06953125 0.0921875 0.0390625 0.0890625
1 0.18359375 0.046875 0.0390625 0.05234375
1 0.9390625 0.07890625 0.053125 0.14296875
1 0.12578125 0.0453125 0.05078125 0.08984375
1 0.0140625 0.08125 0.02734375 0.10078125
1 0.23046875 0.0390625 0.046875 0.07578125
1 0.64765625 0.0421875 0.04375 0.08046875
1 0.57734375 0.040625 0.04140625 0.08125
1 0.97890625 0.11171875 0.03515625 0.08046875
1 0.04140625 0.61484375 0.03515625 0.21171875
1 0.7546875 0.04296875 0.04765625 0.08046875