1 0.43359375 0.834375 0.1171875 0.33125
1 0.0859375 0.73125 0.08984375 0.3015625
1 0.15859375 0.72734375 0.0703125 0.2953125
1 0.196875 0.609375 0.04765625 0.1421875
1 0.24609375 0.60078125 0.0375 0.1609375
1 0.27734375 0.61328125 0.0453125 0.153125
1 0.37734375 0.59375 0.040625 0.13359375
1 0.34765625 0.59609375 0.0296875 0.10859375
1 0.3171875 0.61171875 0.03828125 0.1390625
1 0.41484375 0.68515625 0.0859375 0.16171875
1 0.4734375 0.6390625 0.04453125 0.1765625
1 0.50703125 0.6390625 0.040625 0.16171875
1 0.69453125 0.7609375 0.06953125 0.29375
1 0.57734375 0.64921875 0.04296875 0.15
1 0.871875 0.82265625 0.10859375 0.34375
1 0.95 0.746875 0.053125 0.21171875
1 0.628125 0.7546875 0.0703125 0.25625
1 0.80703125 0.834375 0.09765625 0.26171875
1 0.98203125 0.81171875 0.0359375 0.2859375
1 0.51484375 0.79140625 0.084375 0.1125
1 0.73984375 0.71015625 0.04609375 0.2390625
1 0.12109375 0.54765625 0.0296875 0.08046875
1 0.7625 0.7015625 0.040625 0.25390625
1 0.80859375 0.66015625 0.0515625 0.115625
1 0.66640625 0.63359375 0.03515625 0.09765625