1 0.1953125 0.571875 0.06015625 0.2578125
1 0.0921875 0.51484375 0.04765625 0.11328125
1 0.359375 0.7109375 0.10390625 0.2203125
1 0.71953125 0.56953125 0.0515625 0.2109375
1 0.459375 0.53828125 0.09453125 0.36484375
1 0.51015625 0.69609375 0.13359375 0.26171875
1 0.37265625 0.5125 0.10546875 0.359375
1 0.778125 0.8203125 0.22265625 0.34765625
1 0.35859375 0.85703125 0.2171875 0.2859375
1 0.62578125 0.83203125 0.2 0.32890625
1 0.7921875 0.5546875 0.06015625 0.20234375
1 0.05234375 0.51015625 0.05546875 0.115625
1 0.93125 0.82578125 0.1375 0.3296875
1 0.94765625 0.615625 0.04296875 0.084375