1 0.19921875 0.4296875 0.021875 0.12265625
1 0.7984375 0.7453125 0.0390625 0.221875
1 0.63203125 0.68125 0.03984375 0.16796875
1 0.58515625 0.87265625 0.0828125 0.25234375
1 0.6875 0.70234375 0.0328125 0.1875
1 0.1 0.61953125 0.06171875 0.3125
1 0.33671875 0.4390625 0.01796875 0.08203125
1 0.33046875 0.40703125 0.04140625 0.1265625
1 0.0625 0.6859375 0.06796875 0.27734375
1 0.34375 0.41484375 0.01875 0.09296875
1 0.68671875 0.95 0.04921875 0.09921875
1 0.053125 0.525 0.053125 0.16015625
1 0.2765625 0.334375 0.01171875 0.0546875
1 0.31796875 0.3828125 0.01640625 0.07265625