1 0.328125 0.78046875 0.0765625 0.28828125
1 0.45625 0.7515625 0.05546875 0.2890625
1 0.1796875 0.375 0.01640625 0.09375
1 0.18046875 0.61875 0.07265625 0.33828125
1 0.66953125 0.6625 0.03046875 0.17265625
1 0.80078125 0.6890625 0.03515625 0.10390625
1 0.10546875 0.61796875 0.0578125 0.31171875
1 0.4734375 0.53203125 0.02578125 0.15703125
1 0.46953125 0.709375 0.03359375 0.12109375
1 0.3484375 0.74140625 0.03125 0.11953125
1 0.0578125 0.69375 0.06796875 0.28046875
1 0.30390625 0.31796875 0.0296875 0.0703125
1 0.6375 0.94453125 0.04453125 0.11015625