1 0.40234375 0.46875 0.0234375 0.11953125
1 0.5015625 0.521875 0.02890625 0.11953125
1 0.4859375 0.78359375 0.05 0.29296875
1 0.47109375 0.53046875 0.0265625 0.1421875
1 0.36015625 0.734375 0.04375 0.24140625
1 0.22265625 0.334375 0.01328125 0.065625
1 0.2328125 0.33515625 0.01328125 0.059375
1 0.08046875 0.659375 0.08671875 0.3546875
1 0.26875 0.36015625 0.01484375 0.07265625
1 0.3078125 0.3328125 0.0171875 0.0640625
1 0.5375 0.63828125 0.05390625 0.1734375
1 0.18359375 0.303125 0.009375 0.03984375