0 0.115625 0.628125 0.196875 0.48046875
0 0.0890625 0.7 0.090625 0.325
0 0.14296875 0.6265625 0.08515625 0.35390625
1 0.4 0.8 0.0453125 0.2734375
1 0.228125 0.3546875 0.01484375 0.08046875
0 0.1984375 0.6546875 0.06171875 0.29296875
1 0.24453125 0.73203125 0.0640625 0.3328125
1 0.315625 0.61171875 0.03046875 0.20078125
1 0.209375 0.4296875 0.02265625 0.11484375
1 0.434375 0.4765625 0.02109375 0.128125
1 0.865625 0.77109375 0.05625 0.184375
1 0.24921875 0.5109375 0.0296875 0.1453125
1 0.334375 0.434375 0.0171875 0.0796875
1 0.2984375 0.56875 0.025 0.16015625
1 0.93671875 0.60234375 0.03671875 0.1515625
1 0.17578125 0.29375 0.009375 0.05
0 0.0640625 0.57265625 0.0734375 0.2953125
1 0.290625 0.684375 0.0296875 0.2125
1 0.80859375 0.5375 0.03671875 0.14296875