0 0.02890625 0.6765625 0.05703125 0.2875
1 0.4 0.4546875 0.02109375 0.115625
0 0.08515625 0.66953125 0.0625 0.28359375
0 0.2390625 0.7296875 0.075 0.3328125
1 0.428125 0.803125 0.04296875 0.23046875
1 0.33203125 0.68828125 0.0390625 0.2734375
1 0.24140625 0.40234375 0.0203125 0.09765625
1 0.3015625 0.75078125 0.0515625 0.2484375
1 0.321875 0.528125 0.03359375 0.10625
1 0.209375 0.42890625 0.02265625 0.10546875
1 0.3015625 0.584375 0.0328125 0.1359375
0 0.16171875 0.646875 0.07734375 0.34453125
1 0.8109375 0.51640625 0.02734375 0.10078125
0 0.50546875 0.571875 0.03125 0.134375
1 0.34296875 0.6046875 0.034375 0.16953125
1 0.2390625 0.56796875 0.0375 0.1140625
1 0.184375 0.4109375 0.02109375 0.10234375
1 0.9375 0.58828125 0.034375 0.12734375
1 0.52421875 0.57734375 0.0375 0.12890625