1 0.76796875 0.74375 0.053125 0.21875
1 0.609375 0.69609375 0.04453125 0.2015625
1 0.55390625 0.875 0.04609375 0.25
1 0.690625 0.70234375 0.03984375 0.19921875
1 0.37265625 0.4265625 0.01953125 0.090625
0 0.39921875 0.81171875 0.065625 0.2671875
1 0.63515625 0.65859375 0.0328125 0.184375
0 0.24765625 0.6953125 0.08203125 0.31015625
0 0.29609375 0.83125 0.075 0.26875
1 0.6828125 0.90703125 0.07734375 0.18515625
1 0.165625 0.42265625 0.0359375 0.11171875
0 0.19296875 0.68203125 0.08359375 0.290625
1 0.3234375 0.38515625 0.01875 0.0828125
1 0.775 0.709375 0.03671875 0.0875
1 0.23671875 0.42421875 0.0265625 0.084375
1 0.81484375 0.53125 0.028125 0.13515625
1 0.10234375 0.4109375 0.02421875 0.09609375
0 0.09296875 0.70234375 0.06953125 0.29921875
0 0.05 0.49921875 0.0484375 0.18828125
1 0.459375 0.4953125 0.02890625 0.12109375