1 0.59296875 0.86328125 0.0515625 0.26640625
1 0.68828125 0.69609375 0.03828125 0.18984375
0 0.4890625 0.8078125 0.05078125 0.27578125
1 0.6390625 0.6609375 0.03828125 0.184375
1 0.5140625 0.53828125 0.02734375 0.128125
0 0.09375 0.6640625 0.078125 0.3203125
1 0.6921875 0.88984375 0.04296875 0.2203125
0 0.34140625 0.79453125 0.06015625 0.26796875
1 0.22890625 0.440625 0.03203125 0.1234375
1 0.39375 0.44765625 0.01953125 0.10078125
0 0.37421875 0.8578125 0.0703125 0.28359375
1 0.653125 0.91171875 0.05625 0.1765625
0 0.43671875 0.84296875 0.06953125 0.26796875
0 0.45 0.70859375 0.05234375 0.11015625
1 0.81171875 0.53046875 0.02734375 0.1390625
0 0.39375 0.709375 0.0546875 0.1265625
1 0.596875 0.73046875 0.05625 0.11875
1 0.3234375 0.38125 0.01796875 0.07578125
0 0.16484375 0.62890625 0.06171875 0.2140625
0 0.41015625 0.7921875 0.209375 0.33515625
0 0.16015625 0.70859375 0.12421875 0.346875