1 0.44296875 0.7890625 0.05546875 0.2671875
1 0.4546875 0.496875 0.03046875 0.12265625
1 0.34140625 0.54765625 0.0328125 0.13046875
0 0.06640625 0.66484375 0.05703125 0.3
0 0.46484375 0.884375 0.0609375 0.23046875
0 0.03046875 0.66875 0.0609375 0.2875
1 0.240625 0.43671875 0.0234375 0.1234375
0 0.0578125 0.81484375 0.115625 0.36171875
0 0.31328125 0.68515625 0.16796875 0.41015625
0 0.12265625 0.64296875 0.06640625 0.32890625
1 0.86953125 0.7578125 0.0546875 0.19296875
1 0.6984375 0.71796875 0.05234375 0.175
1 0.203125 0.425 0.0234375 0.115625