1 0.4265625 0.5015625 0.0234375 0.13046875
1 0.5828125 0.621875 0.03359375 0.18984375
1 0.5046875 0.57890625 0.0296875 0.175
1 0.19765625 0.43203125 0.02265625 0.11953125
1 0.56484375 0.63046875 0.028125 0.178125
1 0.76875 0.73515625 0.0421875 0.20703125
1 0.7140625 0.89375 0.07421875 0.2109375
1 0.5296875 0.6359375 0.03671875 0.18515625
1 0.6484375 0.9328125 0.08046875 0.13359375
1 0.16328125 0.3328125 0.01640625 0.06484375
1 0.30625 0.334375 0.01640625 0.06484375
1 0.09921875 0.4109375 0.01796875 0.103125