0 0.08359375 0.690625 0.0890625 0.32109375
0 0.421875 0.74765625 0.21484375 0.490625
1 0.78359375 0.690625 0.03515625 0.13046875
1 0.18125 0.40625 0.021875 0.11171875
0 0.14765625 0.59765625 0.2609375 0.5515625
1 0.403125 0.63984375 0.03828125 0.19140625
1 0.33046875 0.61875 0.04140625 0.21171875
1 0.23828125 0.62421875 0.0375 0.19609375
1 0.21171875 0.50625 0.0328125 0.16328125
1 0.503125 0.846875 0.0453125 0.28515625
1 0.57578125 0.60234375 0.0375 0.15390625
1 0.846875 0.76640625 0.04140625 0.20390625
1 0.19921875 0.44375 0.02421875 0.12578125
1 0.44921875 0.840625 0.04375 0.26484375
0 0.38203125 0.89296875 0.06875 0.2109375
0 0.1734375 0.68359375 0.09453125 0.33125
1 0.25859375 0.4765625 0.0390625 0.09765625
1 0.47578125 0.81875 0.03828125 0.271875
1 0.815625 0.53046875 0.028125 0.140625
1 0.87265625 0.7390625 0.040625 0.1171875
1 0.4546875 0.69765625 0.03203125 0.12109375
1 0.3203125 0.3875 0.01875 0.0765625
0 0.125 0.51484375 0.0625 0.15234375
1 0.4734375 0.38515625 0.015625 0.08828125