1 0.39609375 0.4515625 0.01953125 0.11796875
0 0.0390625 0.67265625 0.078125 0.28125
0 0.171875 0.628125 0.06953125 0.35703125
1 0.38828125 0.78359375 0.0578125 0.246875
1 0.23984375 0.38515625 0.01953125 0.09921875
0 0.2453125 0.73046875 0.05625 0.32890625
1 0.32265625 0.721875 0.04765625 0.26328125
1 0.3484375 0.59140625 0.0328125 0.15
0 0.315625 0.65546875 0.109375 0.40234375
0 0.06328125 0.5109375 0.05 0.1828125
1 0.28125 0.62578125 0.0359375 0.20546875
0 0.10390625 0.61171875 0.0703125 0.35234375
1 0.81015625 0.52421875 0.0296875 0.115625
1 0.2078125 0.43046875 0.0234375 0.115625
1 0.321875 0.60625 0.0421875 0.1546875
1 0.1640625 0.4265625 0.02421875 0.11171875
1 0.93671875 0.60078125 0.03515625 0.1515625
0 0.24453125 0.5328125 0.02734375 0.1171875
1 0.46796875 0.5359375 0.0359375 0.1234375