0 0.22265625 0.7734375 0.07578125 0.225
0 0.20625 0.7328125 0.08203125 0.1453125
0 0.4265625 0.82265625 0.2 0.3546875
1 0.59765625 0.8390625 0.046875 0.26640625
1 0.65 0.8703125 0.05078125 0.2578125
1 0.40625 0.459375 0.021875 0.10390625
1 0.5359375 0.5546875 0.02734375 0.13515625
1 0.63984375 0.659375 0.0359375 0.1828125
1 0.7171875 0.72578125 0.0390625 0.2078125
1 0.5015625 0.875 0.0484375 0.25
1 0.23671875 0.4421875 0.0296875 0.11875
0 0.37578125 0.83671875 0.0703125 0.140625
1 0.19140625 0.42109375 0.021875 0.103125
1 0.18125 0.60703125 0.0671875 0.1546875
0 0.134375 0.725 0.09375 0.2578125
1 0.81171875 0.53046875 0.02734375 0.13828125
1 0.4515625 0.86171875 0.06328125 0.26015625
1 0.478125 0.74296875 0.0375 0.1375
1 0.42109375 0.81796875 0.04375 0.20625
1 0.42421875 0.71328125 0.03359375 0.10078125
1 0.10546875 0.42265625 0.02890625 0.134375