0 0.60234375 0.803125 0.25390625 0.38828125
1 0.63984375 0.65078125 0.03671875 0.1671875
1 0.5578125 0.58671875 0.02734375 0.14296875
1 0.925 0.81953125 0.0828125 0.215625
1 0.728125 0.71796875 0.04375 0.2015625
1 0.421875 0.478125 0.0234375 0.11015625
1 0.43515625 0.80546875 0.053125 0.24140625
1 0.6234375 0.796875 0.03359375 0.2109375
0 0.65546875 0.90078125 0.0484375 0.190625
1 0.234375 0.44453125 0.034375 0.11484375
1 0.81328125 0.5296875 0.02734375 0.13984375
0 0.52109375 0.88046875 0.0828125 0.2390625
0 0.1359375 0.62265625 0.2359375 0.59453125
0 0.196875 0.72890625 0.0703125 0.22265625
0 0.53828125 0.715625 0.02421875 0.09375
0 0.20234375 0.53671875 0.03046875 0.12265625
0 0.12734375 0.71015625 0.08359375 0.2828125
0 0.5828125 0.8890625 0.04609375 0.22109375