1 0.48671875 0.84921875 0.06875 0.29921875
1 0.415625 0.79375 0.0703125 0.26796875
1 0.6390625 0.8734375 0.0703125 0.246875
1 0.19140625 0.403125 0.0203125 0.11171875
1 0.6703125 0.67265625 0.0375 0.1765625
1 0.2765625 0.3640625 0.01484375 0.08359375
1 0.80234375 0.72421875 0.0390625 0.18125
1 0.30546875 0.3078125 0.02265625 0.04375
1 0.0984375 0.62578125 0.0625 0.3125
1 0.50625 0.81640625 0.040625 0.12890625
1 0.38671875 0.44921875 0.0234375 0.11875
1 0.31875 0.3890625 0.01796875 0.0828125
1 0.0515625 0.5171875 0.05078125 0.13671875
1 0.06015625 0.684375 0.0671875 0.2671875