0 0.11484375 0.65859375 0.0640625 0.3515625
0 0.10859375 0.68671875 0.12421875 0.26953125
1 0.384375 0.43671875 0.021875 0.0984375
1 0.54609375 0.75078125 0.059375 0.2375
1 0.5671875 0.84921875 0.07734375 0.23046875
1 0.7078125 0.75390625 0.05078125 0.221875
1 0.1859375 0.4265625 0.02421875 0.11875
1 0.63984375 0.66171875 0.0390625 0.18515625
0 0.26015625 0.70546875 0.08984375 0.2875
1 0.68671875 0.7 0.03828125 0.1984375
0 0.31171875 0.77109375 0.07421875 0.26796875
0 0.353125 0.85 0.09609375 0.28515625
0 0.190625 0.68359375 0.09140625 0.275
1 0.3234375 0.3875 0.01953125 0.0828125
1 0.48515625 0.5109375 0.021875 0.1
1 0.81328125 0.52890625 0.02734375 0.1390625
1 0.234375 0.4328125 0.03125 0.103125
1 0.728125 0.934375 0.05 0.128125
0 0.04375 0.6 0.0515625 0.21875