0 0.06875 0.6796875 0.06640625 0.28203125
1 0.39921875 0.453125 0.01953125 0.10546875
1 0.39140625 0.78671875 0.05234375 0.2453125
0 0.059375 0.80390625 0.11796875 0.38984375
1 0.2359375 0.37421875 0.0171875 0.0921875
1 0.32109375 0.6734375 0.04453125 0.228125
1 0.34296875 0.5796875 0.03359375 0.17890625
0 0.15390625 0.62578125 0.07734375 0.34453125
1 0.2421875 0.73203125 0.0703125 0.33359375
1 0.26875 0.5140625 0.025 0.11484375
1 0.41796875 0.49921875 0.03125 0.11171875
0 0.1109375 0.61640625 0.04453125 0.30546875
1 0.1890625 0.30234375 0.0125 0.0515625
1 0.2078125 0.42890625 0.025 0.11796875
1 0.81015625 0.5359375 0.03203125 0.13984375
1 0.30703125 0.49140625 0.02734375 0.0859375
1 0.93671875 0.60234375 0.0328125 0.1515625