0 0.11953125 0.63203125 0.078125 0.31953125
1 0.39375 0.78984375 0.06640625 0.26875
0 0.0390625 0.66328125 0.071875 0.2765625
1 0.434375 0.478125 0.0203125 0.12578125
1 0.34296875 0.57578125 0.03125 0.1671875
0 0.05078125 0.809375 0.1015625 0.371875
0 0.31796875 0.7359375 0.07890625 0.2671875
0 0.253125 0.7328125 0.06640625 0.32421875
0 0.47109375 0.88125 0.06796875 0.228125
1 0.8671875 0.75703125 0.0515625 0.1859375
1 0.24296875 0.42890625 0.0234375 0.12265625
1 0.8078125 0.53828125 0.034375 0.146875
1 0.36875 0.73828125 0.04609375 0.26796875
1 0.6125 0.6515625 0.03359375 0.146875
1 0.27578125 0.56953125 0.028125 0.10234375
1 0.184375 0.41328125 0.02109375 0.1140625
1 0.16484375 0.42578125 0.0203125 0.1015625
0 0.16640625 0.61484375 0.09375 0.31640625
1 0.2109375 0.32109375 0.01015625 0.0546875
1 0.315625 0.38671875 0.0203125 0.0796875
0 0.05 0.478125 0.0515625 0.140625