1 0.271875 0.7609375 0.0515625 0.30859375
1 0.44765625 0.74375 0.05078125 0.2859375
1 0.66796875 0.6703125 0.03203125 0.18984375
1 0.8 0.74375 0.0375 0.21796875
1 0.13203125 0.6234375 0.121875 0.340625
1 0.58203125 0.92421875 0.04765625 0.15
1 0.33828125 0.415625 0.02109375 0.096875
1 0.171875 0.3609375 0.015625 0.0890625
1 0.27734375 0.72109375 0.03828125 0.12265625
1 0.615625 0.9125 0.0390625 0.17421875
1 0.50625 0.5 0.02890625 0.08671875
1 0.709375 0.87734375 0.09296875 0.1703125
1 0.06328125 0.5703125 0.08046875 0.246875