1 0.4953125 0.840625 0.0703125 0.30625
1 0.365625 0.434375 0.03046875 0.1265625
1 0.26640625 0.3546875 0.0140625 0.0734375
1 0.6671875 0.6703125 0.034375 0.1796875
1 0.575 0.88125 0.0515625 0.23671875
1 0.1 0.6203125 0.06328125 0.30390625
1 0.8484375 0.82109375 0.0546875 0.20625
1 0.8015625 0.72421875 0.03671875 0.178125
1 0.30546875 0.31171875 0.025 0.05546875
1 0.1953125 0.4140625 0.0203125 0.11796875
1 0.7625 0.9203125 0.040625 0.159375
1 0.0625 0.6859375 0.06640625 0.2734375
1 0.31875 0.38984375 0.01953125 0.08515625
1 0.053125 0.52109375 0.05390625 0.14765625