1 0.4390625 0.76953125 0.0640625 0.2890625
1 0.55625 0.58125 0.02890625 0.1484375
1 0.5375 0.9015625 0.04921875 0.19375
1 0.5984375 0.8984375 0.0515625 0.2015625
1 0.67109375 0.67421875 0.0359375 0.18125
1 0.7984375 0.74375 0.03828125 0.21875
0 0.228125 0.68984375 0.05859375 0.32109375
1 0.3484375 0.4125 0.01875 0.090625
0 0.1203125 0.6078125 0.05078125 0.32265625
1 0.30859375 0.33515625 0.025 0.05703125
1 0.36328125 0.54765625 0.04375 0.1421875
1 0.584375 0.65 0.04765625 0.1375
1 0.69765625 0.92734375 0.0453125 0.1453125
1 0.1578125 0.846875 0.12890625 0.30625
0 0.05859375 0.58515625 0.075 0.2921875
1 0.1625 0.33515625 0.01796875 0.0609375
1 0.3234375 0.36328125 0.01640625 0.04609375
1 0.29375 0.34296875 0.06015625 0.07890625
1 0.2765625 0.33046875 0.0125 0.046875
1 0.8078125 0.52265625 0.0328125 0.125
0 0.0765625 0.49921875 0.03203125 0.084375
1 0.36953125 0.4875 0.0296875 0.0734375
1 0.66875 0.9640625 0.0421875 0.07109375
1 0.10078125 0.27890625 0.01875 0.03203125
1 0.3546875 0.35078125 0.01328125 0.05
1 0.38046875 0.43515625 0.021875 0.09375
1 0.478125 0.396875 0.0171875 0.0640625
1 0.315625 0.3546875 0.0140625 0.046875
1 0.140625 0.3203125 0.01484375 0.04765625
1 0.5890625 0.57421875 0.0265625 0.07421875
1 0.1015625 0.36875 0.021875 0.1359375
1 0.3546875 0.375 0.01484375 0.03671875
1 0.10546875 0.31171875 0.01875 0.0625
1 0.140625 0.30546875 0.0109375 0.015625
1 0.3296875 0.36875 0.01171875 0.04140625
1 0.94609375 0.5671875 0.096875 0.22265625
1 0.121875 0.31953125 0.04921875 0.0640625
1 0.18203125 0.2484375 0.0640625 0.115625
1 0.15703125 0.30859375 0.0171875 0.03359375
1 0.11015625 0.38828125 0.01328125 0.0859375
1 0.2328125 0.33046875 0.01796875 0.040625
1 0.228125 0.3109375 0.0109375 0.04765625
1 0.28046875 0.35625 0.02578125 0.04375