1 0.1875 0.38984375 0.0203125 0.10390625
1 0.2984375 0.76640625 0.065625 0.2765625
1 0.42421875 0.8109375 0.05859375 0.3015625
1 0.55390625 0.8484375 0.06953125 0.3015625
1 0.28828125 0.36875 0.0171875 0.0953125
1 0.43125 0.76796875 0.0390625 0.1171875
1 0.3046875 0.30390625 0.021875 0.0421875
1 0.4109375 0.47578125 0.03125 0.12578125
1 0.09921875 0.6234375 0.06171875 0.315625
1 0.06328125 0.70078125 0.06484375 0.29296875
1 0.0515625 0.54140625 0.05234375 0.18515625
1 0.31875 0.3890625 0.01953125 0.08359375
1 0.56953125 0.81171875 0.03984375 0.1328125