1 0.46171875 0.75234375 0.0421875 0.253125
1 0.503125 0.73984375 0.0609375 0.23828125
1 0.81640625 0.74921875 0.05234375 0.20546875
0 0.1546875 0.64921875 0.2453125 0.43046875
0 0.2546875 0.70859375 0.04765625 0.23359375
1 0.67890625 0.67265625 0.0375 0.18125
1 0.45859375 0.50546875 0.0265625 0.115625
1 0.71640625 0.86328125 0.05390625 0.1515625
1 0.19140625 0.415625 0.02109375 0.0921875
1 0.61328125 0.6234375 0.0296875 0.14296875
1 0.81328125 0.52890625 0.02890625 0.13984375
1 0.2375 0.44296875 0.03203125 0.1203125
1 0.72109375 0.675 0.05625 0.1234375
1 0.65625 0.84296875 0.05625 0.13515625
0 0.196875 0.68828125 0.10625 0.32109375
1 0.6546875 0.925 0.06328125 0.15
0 0.19765625 0.51875 0.0359375 0.109375
1 0.1390625 0.43203125 0.0328125 0.121875
0 0.08359375 0.6296875 0.09609375 0.3515625