0 0.146875 0.56953125 0.25546875 0.5125
0 0.08828125 0.6703125 0.078125 0.2953125
1 0.79140625 0.72421875 0.03828125 0.18515625
1 0.57265625 0.5953125 0.03203125 0.1609375
1 0.43203125 0.7140625 0.0375 0.2171875
1 0.27890625 0.81171875 0.06484375 0.32109375
1 0.5203125 0.784375 0.05 0.25390625
1 0.21484375 0.42265625 0.17578125 0.2859375
1 0.84296875 0.76328125 0.0421875 0.19140625
0 0.34296875 0.63203125 0.11171875 0.30859375
1 0.378125 0.61796875 0.03828125 0.1828125
1 0.87265625 0.77109375 0.04375 0.1828125
1 0.19765625 0.4390625 0.02265625 0.12578125
0 0.3375 0.621875 0.02578125 0.165625
1 0.31328125 0.58359375 0.04375 0.16640625
1 0.8078125 0.5328125 0.03046875 0.13828125
1 0.228125 0.49453125 0.025 0.15078125
1 0.3 0.328125 0.0296875 0.065625
1 0.175 0.6296875 0.08203125 0.35390625
1 0.2484375 0.48671875 0.0296875 0.1515625
1 0.15546875 0.3921875 0.02109375 0.0984375
0 0.05 0.59296875 0.05859375 0.2703125