1 0.45703125 0.75625 0.05390625 0.296875
1 0.67109375 0.67109375 0.03359375 0.18828125
1 0.54375 0.58515625 0.02734375 0.15234375
1 0.79921875 0.74375 0.0375 0.21875
1 0.30546875 0.325 0.0265625 0.04296875
1 0.24609375 0.71171875 0.0546875 0.2953125
0 0.12578125 0.62890625 0.07421875 0.353125
1 0.334375 0.4 0.0171875 0.08046875
1 0.59296875 0.9 0.03828125 0.2
1 0.5453125 0.9046875 0.05859375 0.1890625
1 0.50078125 0.6578125 0.0515625 0.12421875
1 0.5296875 0.56171875 0.02265625 0.13984375
0 0.07109375 0.63203125 0.06796875 0.36953125
1 0.1609375 0.3453125 0.01640625 0.06015625