0 0.05859375 0.65 0.07265625 0.2390625
0 0.11484375 0.6828125 0.06953125 0.2546875
1 0.771875 0.725 0.04453125 0.19609375
1 0.5359375 0.56953125 0.03125 0.14296875
0 0.1234375 0.5875 0.19140625 0.5109375
1 0.328125 0.65 0.046875 0.2296875
1 0.28515625 0.65078125 0.0421875 0.2109375
1 0.6984375 0.68984375 0.0359375 0.171875
1 0.19921875 0.44453125 0.02421875 0.12734375
1 0.40390625 0.5890625 0.0390625 0.1515625
0 0.39453125 0.88515625 0.06171875 0.225
1 0.815625 0.5296875 0.02890625 0.1421875
1 0.18203125 0.6765625 0.07734375 0.3234375
1 0.8734375 0.775 0.0421875 0.20390625
0 0.51875 0.91953125 0.10078125 0.15859375
1 0.3078125 0.33671875 0.0265625 0.065625
1 0.18125 0.45234375 0.025 0.12109375
1 0.93515625 0.821875 0.05 0.20078125
0 0.09765625 0.525 0.04609375 0.13828125
1 0.68125 0.940625 0.0578125 0.11875
0 0.14296875 0.51484375 0.05703125 0.13359375
1 0.93671875 0.5984375 0.03671875 0.15859375