1 0.43125 0.59296875 0.034375 0.15078125
1 0.321875 0.41875 0.021875 0.09609375
1 0.540625 0.84375 0.0625 0.3125
1 0.421875 0.80078125 0.04921875 0.29453125
1 0.52265625 0.63515625 0.034375 0.1828125
1 0.22578125 0.51875 0.03671875 0.16328125
1 0.47109375 0.62421875 0.034375 0.18671875
1 0.39453125 0.47265625 0.06875 0.1546875
1 0.571875 0.80078125 0.03515625 0.2421875
1 0.30703125 0.33515625 0.015625 0.06171875
1 0.27578125 0.32421875 0.01015625 0.0359375
1 0.52421875 0.60859375 0.0265625 0.0703125
1 0.1390625 0.32109375 0.0140625 0.05078125
1 0.3140625 0.3453125 0.01171875 0.05078125
1 0.275 0.353125 0.0921875 0.128125
1 0.05078125 0.45859375 0.04296875 0.12265625