1 0.5328125 0.8 0.0421875 0.24140625
1 0.33125 0.63828125 0.0390625 0.20625
1 0.459375 0.8234375 0.0484375 0.2921875
0 0.1859375 0.596875 0.33671875 0.60390625
1 0.3828125 0.82578125 0.05546875 0.27265625
1 0.40859375 0.71953125 0.03125 0.14765625
1 0.27109375 0.66328125 0.04140625 0.21328125
1 0.93125 0.81171875 0.04765625 0.215625
1 0.18359375 0.40859375 0.02109375 0.1109375
1 0.77421875 0.715625 0.040625 0.18515625
1 0.290625 0.76796875 0.0421875 0.24140625
1 0.25625 0.48828125 0.0375 0.12109375
1 0.815625 0.52890625 0.02890625 0.1421875
1 0.19140625 0.68515625 0.06328125 0.328125
1 0.20703125 0.49296875 0.0296875 0.140625
0 0.11796875 0.48984375 0.0515625 0.115625
0 0.584375 0.92734375 0.06953125 0.14453125
0 0.0453125 0.47734375 0.04453125 0.16640625
1 0.5609375 0.8421875 0.05546875 0.2890625