0 0.0671875 0.68125 0.05859375 0.2875
0 0.0890625 0.634375 0.178125 0.475
1 0.85703125 0.775 0.05234375 0.19765625
0 0.1640625 0.625 0.0953125 0.346875
1 0.51171875 0.53984375 0.0234375 0.15
1 0.465625 0.8421875 0.0546875 0.2640625
1 0.7328125 0.890625 0.0859375 0.21484375
1 0.24140625 0.7296875 0.0625 0.3296875
0 0.0984375 0.58671875 0.05390625 0.31953125
1 0.3734375 0.6078125 0.0296875 0.14375
1 0.34296875 0.6234375 0.03828125 0.2125
1 0.2859375 0.6125 0.03046875 0.2046875
1 0.80390625 0.53828125 0.034375 0.14609375
1 0.22578125 0.3328125 0.01328125 0.065625
1 0.29921875 0.55234375 0.02578125 0.1609375
1 0.2140625 0.49453125 0.03203125 0.14765625
1 0.90546875 0.81953125 0.05234375 0.215625
1 0.8703125 0.7453125 0.0453125 0.08515625
1 0.184375 0.446875 0.025 0.11015625
1 0.25859375 0.5359375 0.03203125 0.15625
1 0.20625 0.44765625 0.13828125 0.28828125