0 0.61171875 0.87265625 0.259375 0.25234375
1 0.5828125 0.58359375 0.028125 0.1125
1 0.46953125 0.75546875 0.05703125 0.24140625
1 0.6546875 0.66484375 0.0421875 0.18125
1 0.32265625 0.79921875 0.07890625 0.240625
1 0.57578125 0.73046875 0.034375 0.17265625
1 0.43984375 0.4890625 0.02421875 0.11640625
0 0.53515625 0.815625 0.0578125 0.1234375
1 0.8671875 0.78671875 0.05 0.19921875
1 0.71875 0.7046875 0.04375 0.190625
1 0.23515625 0.4453125 0.0328125 0.11640625
0 0.16796875 0.57421875 0.065625 0.16953125
1 0.81328125 0.5296875 0.02734375 0.13828125
1 0.20703125 0.5484375 0.034375 0.15078125
0 0.68984375 0.9 0.065625 0.19375
1 0.10859375 0.42890625 0.03359375 0.1296875
0 0.58515625 0.90703125 0.071875 0.1859375
0 0.11953125 0.70859375 0.06015625 0.29140625
0 0.0765625 0.6703125 0.09609375 0.30859375
0 0.18984375 0.725 0.071875 0.19296875