0 0.1234375 0.68046875 0.21953125 0.58046875
0 0.10546875 0.68359375 0.18515625 0.57265625
1 0.528125 0.73359375 0.04609375 0.2359375
1 0.31328125 0.809375 0.0515625 0.29765625
1 0.78125 0.72421875 0.0453125 0.1875
1 0.4203125 0.63828125 0.02734375 0.196875
1 0.83046875 0.74375 0.04375 0.196875
1 0.33828125 0.57421875 0.02890625 0.14765625
1 0.19921875 0.4421875 0.021875 0.11484375
1 0.4 0.64140625 0.03125 0.190625
1 0.61640625 0.63125 0.03984375 0.18125
1 0.46015625 0.77109375 0.0390625 0.2609375
1 0.17421875 0.48984375 0.0296875 0.1578125
1 0.31953125 0.55390625 0.02734375 0.15703125
1 0.36640625 0.6359375 0.0359375 0.175
1 0.78203125 0.69609375 0.0296875 0.08125
0 0.08671875 0.603125 0.09375 0.38828125
1 0.296875 0.53984375 0.03125 0.16875
1 0.815625 0.53203125 0.03515625 0.1375
1 0.86875 0.76953125 0.04921875 0.1765625
1 0.159375 0.615625 0.1015625 0.35546875
1 0.31640625 0.38515625 0.0171875 0.08359375
1 0.3625 0.55546875 0.02109375 0.1140625