0 0.14609375 0.6359375 0.0890625 0.35546875
0 0.22265625 0.60859375 0.428125 0.64609375
0 0.08515625 0.628125 0.06953125 0.3859375
1 0.16015625 0.45 0.146875 0.28125
0 0.33515625 0.68359375 0.04296875 0.221875
0 0.3953125 0.6375 0.0390625 0.18828125
0 0.240625 0.73359375 0.065625 0.31953125
0 0.359375 0.6578125 0.13046875 0.44375
1 0.5265625 0.54296875 0.02578125 0.153125
0 0.3703125 0.74296875 0.0453125 0.28125
1 0.315625 0.6109375 0.03203125 0.1875
0 0.2765625 0.5609375 0.02890625 0.1828125
0 0.4234375 0.81484375 0.03671875 0.2328125
1 0.28125 0.35 0.10625 0.1421875
1 0.87109375 0.76015625 0.05078125 0.18984375
1 0.22109375 0.46171875 0.02109375 0.134375