0 0.12578125 0.58515625 0.20234375 0.53359375
1 0.3328125 0.81875 0.06484375 0.3171875
0 0.078125 0.67109375 0.06484375 0.29375
1 0.240625 0.73359375 0.0640625 0.32734375
1 0.4265625 0.82578125 0.04921875 0.25859375
1 0.32109375 0.58359375 0.03203125 0.1875
0 0.16171875 0.6421875 0.07890625 0.36875
1 0.28046875 0.61171875 0.0296875 0.20078125
1 0.1890625 0.48671875 0.028125 0.14140625
1 0.8640625 0.7703125 0.05546875 0.184375
1 0.2515625 0.50625 0.028125 0.13828125
1 0.05 0.8390625 0.1 0.31640625
0 0.12265625 0.74609375 0.065625 0.40859375
1 0.3421875 0.596875 0.0265625 0.15234375
1 0.29765625 0.56796875 0.0984375 0.29921875
1 0.18046875 0.40546875 0.10625 0.23046875
1 0.8078125 0.53828125 0.0375 0.14296875
1 0.93671875 0.60234375 0.03671875 0.1515625