0 0.15859375 0.64609375 0.2921875 0.6640625
1 0.778125 0.72265625 0.04609375 0.2015625
1 0.5 0.853125 0.05078125 0.2859375
0 0.43515625 0.7609375 0.18828125 0.4671875
1 0.459375 0.83515625 0.0484375 0.28046875
1 0.23671875 0.63984375 0.04296875 0.23125
1 0.57265625 0.60078125 0.0359375 0.153125
1 0.4171875 0.8078125 0.05390625 0.20390625
1 0.89140625 0.7921875 0.05703125 0.20859375
1 0.2046875 0.49296875 0.03671875 0.1578125
0 0.13203125 0.76875 0.11484375 0.35625
1 0.18046875 0.40390625 0.0234375 0.1140625
1 0.3203125 0.6 0.04453125 0.2015625
1 0.45703125 0.62734375 0.0359375 0.14609375
1 0.815625 0.53046875 0.028125 0.13984375
0 0.18515625 0.68046875 0.0765625 0.34296875
0 0.09609375 0.66171875 0.09921875 0.2890625
1 0.2546875 0.48671875 0.03828125 0.12265625
1 0.45390625 0.72578125 0.0328125 0.146875
1 0.8625 0.7671875 0.0484375 0.19296875
1 0.4078125 0.90390625 0.096875 0.1921875
0 0.121875 0.5859375 0.07421875 0.1515625
1 0.95546875 0.8421875 0.0734375 0.2015625