0 0.04609375 0.653125 0.08359375 0.26796875
0 0.1234375 0.59296875 0.23984375 0.5421875
1 0.46328125 0.75234375 0.04609375 0.24921875
1 0.6546875 0.88203125 0.0453125 0.23125
1 0.440625 0.71171875 0.03984375 0.2390625
1 0.6421875 0.64765625 0.0359375 0.165625
1 0.796875 0.7390625 0.040625 0.20390625
1 0.76015625 0.7359375 0.05 0.20234375
1 0.690625 0.69375 0.0515625 0.16796875
1 0.475 0.521875 0.02578125 0.12734375
1 0.8140625 0.5296875 0.028125 0.13984375
1 0.73359375 0.90546875 0.08046875 0.15546875
1 0.1921875 0.43359375 0.02421875 0.1203125
0 0.1796875 0.63671875 0.0953125 0.3015625
0 0.10234375 0.5421875 0.05859375 0.16640625
0 0.1125 0.696875 0.07578125 0.28515625
1 0.22578125 0.42421875 0.02578125 0.0875
1 0.46796875 0.71953125 0.03359375 0.0953125
0 0.06484375 0.5375 0.0453125 0.14140625
1 0.14140625 0.42734375 0.02578125 0.10234375
1 0.69140625 0.65390625 0.028125 0.07265625