1 0.26484375 0.36640625 0.01640625 0.07734375
1 0.25390625 0.546875 0.03046875 0.17734375
1 0.53203125 0.5796875 0.03125 0.16328125
1 0.64921875 0.7125 0.03671875 0.21015625
1 0.7015625 0.71171875 0.0484375 0.20859375
1 0.3046875 0.3890625 0.01640625 0.08359375
1 0.0921875 0.6546875 0.05546875 0.34453125
1 0.32578125 0.390625 0.01953125 0.08671875
1 0.215625 0.32421875 0.00859375 0.0421875
1 0.271875 0.3640625 0.01171875 0.06484375
1 0.06171875 0.6890625 0.0640625 0.2828125
1 0.30703125 0.33125 0.02265625 0.0578125
1 0.2828125 0.3578125 0.09375 0.134375
1 0.53515625 0.54765625 0.0234375 0.0625