0 0.128125 0.6578125 0.25625 0.48984375
1 0.78046875 0.72578125 0.0453125 0.19453125
1 0.5015625 0.84609375 0.0453125 0.29375
1 0.5359375 0.634375 0.034375 0.16640625
1 0.33359375 0.834375 0.05703125 0.30234375
0 0.11328125 0.70625 0.0625 0.32265625
1 0.72890625 0.71484375 0.03828125 0.19921875
1 0.29765625 0.56875 0.02734375 0.1859375
1 0.4578125 0.70859375 0.0265625 0.21640625
1 0.42890625 0.6546875 0.0328125 0.1765625
1 0.28359375 0.73984375 0.05546875 0.2265625
1 0.440625 0.7421875 0.04296875 0.2453125
1 0.8640625 0.78046875 0.05703125 0.19921875
1 0.2109375 0.5515625 0.03125 0.1640625
1 0.3921875 0.63203125 0.03125 0.19453125
1 0.815625 0.53046875 0.02890625 0.14140625
1 0.2 0.4390625 0.021875 0.1140625
1 0.17734375 0.6640625 0.0796875 0.31015625
1 0.3265625 0.60390625 0.0296875 0.19296875
1 0.31953125 0.3875 0.0171875 0.08203125
1 0.93828125 0.60078125 0.034375 0.1515625
0 0.0796875 0.57265625 0.04765625 0.1390625