0 0.08359375 0.6828125 0.0734375 0.296875
0 0.14375 0.584375 0.22734375 0.49296875
1 0.7828125 0.728125 0.05390625 0.18984375
1 0.4765625 0.80234375 0.06328125 0.2640625
1 0.4375 0.66796875 0.03671875 0.21015625
1 0.325 0.82265625 0.04140625 0.31953125
1 0.23203125 0.50625 0.0328125 0.16328125
1 0.4015625 0.66328125 0.0421875 0.17109375
1 0.34296875 0.6 0.0359375 0.1828125
1 0.821875 0.75 0.0578125 0.1921875
1 0.66953125 0.6765625 0.06015625 0.19140625
1 0.37421875 0.59921875 0.0328125 0.1484375
1 0.86796875 0.76875 0.0515625 0.17890625
1 0.2015625 0.4421875 0.02421875 0.11875
1 0.815625 0.53046875 0.0296875 0.1421875
1 0.296875 0.54921875 0.0375 0.175
1 0.1765625 0.6515625 0.0703125 0.33828125
1 0.48984375 0.76796875 0.03671875 0.11953125
1 0.37734375 0.63984375 0.16171875 0.2875
1 0.078125 0.45078125 0.03359375 0.15234375
1 0.93671875 0.6 0.0359375 0.15078125
1 0.4234375 0.6 0.0234375 0.09375
1 0.525 0.66328125 0.03984375 0.171875
0 0.12109375 0.5890625 0.0765625 0.18984375
1 0.47421875 0.384375 0.015625 0.0875