0 0.0890625 0.628125 0.178125 0.43984375
1 0.92109375 0.81328125 0.05390625 0.20859375
1 0.5265625 0.8515625 0.0640625 0.296875
0 0.1 0.72890625 0.0890625 0.35546875
1 0.44375 0.82890625 0.05546875 0.25703125
1 0.35234375 0.61171875 0.03125 0.16640625
1 0.240625 0.73203125 0.06328125 0.3265625
1 0.32734375 0.6125 0.034375 0.1890625
0 0.15625 0.61484375 0.08828125 0.34453125
1 0.8640625 0.77265625 0.05625 0.18671875
1 0.28046875 0.61484375 0.03515625 0.203125
1 0.19765625 0.49453125 0.02578125 0.1453125
1 0.22421875 0.3375 0.01328125 0.0640625
1 0.80390625 0.5390625 0.0375 0.1453125
1 0.96015625 0.8359375 0.06484375 0.20703125
1 0.26796875 0.37890625 0.0125 0.06328125
1 0.93671875 0.603125 0.03515625 0.15078125
0 0.05546875 0.5875 0.04921875 0.29921875
0 0.84453125 0.23515625 0.02578125 0.05
1 0.2328125 0.4171875 0.03125 0.09765625
1 0.25234375 0.50390625 0.02109375 0.1265625
0 0.0765625 0.509375 0.04296875 0.15859375
1 0.8734375 0.74375 0.03984375 0.07734375
1 0.17421875 0.3453125 0.015625 0.06171875