0 0.09453125 0.67734375 0.1125 0.28125
1 0.4796875 0.8390625 0.06015625 0.30078125
1 0.19765625 0.44375 0.02578125 0.1296875
1 0.5140625 0.55234375 0.02890625 0.1375
1 0.76640625 0.72578125 0.04140625 0.196875
0 0.1359375 0.5828125 0.225 0.5171875
1 0.33671875 0.646875 0.04609375 0.2125
1 0.27421875 0.58671875 0.0328125 0.1859375
1 0.45 0.85 0.05234375 0.27421875
1 0.18515625 0.4046875 0.021875 0.109375
1 0.8421875 0.75859375 0.0390625 0.20390625
1 0.675 0.678125 0.02890625 0.18515625
1 0.815625 0.5296875 0.028125 0.1421875
1 0.37578125 0.64375 0.03828125 0.16796875
1 0.22734375 0.6484375 0.06484375 0.20234375
1 0.60625 0.7359375 0.05703125 0.1609375
1 0.17578125 0.4078125 0.075 0.19375
1 0.63046875 0.95703125 0.06015625 0.08515625
1 0.9359375 0.596875 0.03359375 0.1515625