1 0.50625 0.84921875 0.0546875 0.290625
0 0.046875 0.68515625 0.053125 0.2578125
1 0.5734375 0.61875 0.0359375 0.16015625
0 0.1359375 0.6125 0.24296875 0.5296875
1 0.45546875 0.80859375 0.059375 0.2625
1 0.36015625 0.859375 0.0578125 0.28125
1 0.7796875 0.7296875 0.05546875 0.20703125
1 0.33515625 0.58515625 0.0328125 0.09296875
1 0.3109375 0.578125 0.040625 0.175
1 0.1984375 0.44375 0.02265625 0.12265625
1 0.2296875 0.5984375 0.03046875 0.19609375
0 0.10859375 0.68125 0.075 0.31171875
1 0.86796875 0.77421875 0.05078125 0.1859375
1 0.4109375 0.628125 0.0375 0.20703125
1 0.25625 0.478125 0.0375 0.10390625
1 0.17265625 0.67265625 0.09140625 0.3203125
1 0.815625 0.53046875 0.028125 0.14140625
1 0.425 0.69453125 0.04375 0.20546875
1 0.9453125 0.88046875 0.06171875 0.18046875
1 0.3203125 0.38828125 0.01875 0.07890625
1 0.46484375 0.69609375 0.03671875 0.14140625
1 0.1796875 0.40546875 0.02109375 0.10703125
1 0.39453125 0.79609375 0.059375 0.2265625