0 0.09921875 0.60546875 0.16796875 0.37265625
1 0.81328125 0.74375 0.0515625 0.196875
1 0.534375 0.56328125 0.02890625 0.15
1 0.4 0.6609375 0.0359375 0.171875
0 0.071875 0.69140625 0.06796875 0.25625
0 0.17109375 0.62421875 0.08671875 0.34609375
1 0.5 0.825 0.05390625 0.2609375
1 0.86875 0.7828125 0.05078125 0.20859375
1 0.2609375 0.7484375 0.0515625 0.27890625
1 0.8140625 0.5390625 0.03046875 0.14375
1 0.30390625 0.59453125 0.16015625 0.36953125
0 0.1109375 0.603125 0.0765625 0.35078125
1 0.1890625 0.4 0.10859375 0.23125
1 0.1921875 0.43203125 0.02578125 0.1375
1 0.36328125 0.60234375 0.03203125 0.17734375
1 0.31328125 0.65 0.034375 0.21875
1 0.275 0.56171875 0.03203125 0.17265625
1 0.3234375 0.54375 0.02734375 0.134375
1 0.22890625 0.50703125 0.02734375 0.1578125
1 0.2484375 0.45546875 0.03046875 0.1109375
0 0.04296875 0.51328125 0.04296875 0.21484375