1 0.359375 0.41171875 0.0171875 0.1046875
1 0.66484375 0.67734375 0.046875 0.18125
1 0.37734375 0.7765625 0.0671875 0.30703125
1 0.58515625 0.6171875 0.03203125 0.165625
1 0.79765625 0.74453125 0.0375 0.21875
0 0.21328125 0.65546875 0.0578125 0.32734375
0 0.5359375 0.90390625 0.053125 0.19140625
1 0.6265625 0.67265625 0.0390625 0.18125
0 0.13125 0.8046875 0.078125 0.390625
1 0.62578125 0.90703125 0.046875 0.18515625
1 0.6828125 0.9140625 0.05078125 0.171875
1 0.3234375 0.3859375 0.01796875 0.08515625
0 0.571875 0.9125 0.05546875 0.17265625
0 0.04140625 0.6015625 0.0640625 0.328125
1 0.16015625 0.33359375 0.01484375 0.06015625
0 0.13359375 0.58046875 0.096875 0.21953125
1 0.2859375 0.475 0.03671875 0.109375
1 0.80859375 0.528125 0.02890625 0.12578125