0 0.12578125 0.6453125 0.10625 0.3453125
0 0.21640625 0.66171875 0.07109375 0.3203125
1 0.41015625 0.4671875 0.025 0.11328125
1 0.33046875 0.53203125 0.040625 0.096875
1 0.33515625 0.68828125 0.04375 0.26796875
1 0.30078125 0.76328125 0.0484375 0.27890625
1 0.80859375 0.53984375 0.03359375 0.14921875
1 0.55703125 0.609375 0.0375 0.1515625
0 0.2515625 0.7375 0.07734375 0.32578125
1 0.16484375 0.42421875 0.021875 0.10234375
0 0.06796875 0.65546875 0.08828125 0.32734375
1 0.45546875 0.86171875 0.05546875 0.25
1 0.21171875 0.42421875 0.02109375 0.115625
0 0.28515625 0.6046875 0.06015625 0.09453125
1 0.13125 0.41484375 0.021875 0.0890625
1 0.28828125 0.55234375 0.03046875 0.08359375
1 0.20390625 0.31328125 0.0109375 0.05078125
0 0.8453125 0.2375 0.0234375 0.05234375
0 0.0484375 0.9125 0.09609375 0.16640625
1 0.30390625 0.32734375 0.034375 0.07265625