1 0.2140625 0.47734375 0.0265625 0.13984375
1 0.36171875 0.4546875 0.01953125 0.10859375
1 0.50546875 0.76640625 0.05546875 0.2734375
1 0.37421875 0.45546875 0.025 0.1140625
1 0.553125 0.7484375 0.0484375 0.2609375
1 0.634375 0.77265625 0.07109375 0.24609375
1 0.4359375 0.53671875 0.028125 0.153125
1 0.47109375 0.54453125 0.0359375 0.15078125
1 0.5828125 0.74765625 0.03359375 0.221875
1 0.7796875 0.94375 0.06484375 0.1125
1 0.30625 0.33359375 0.01640625 0.065625
1 0.2796875 0.34453125 0.01640625 0.0703125