0 0.4296875 0.75703125 0.19140625 0.45703125
1 0.334375 0.621875 0.04140625 0.20703125
1 0.49375 0.82421875 0.0484375 0.3203125
1 0.778125 0.721875 0.04765625 0.2015625
1 0.396875 0.6296875 0.05234375 0.17109375
1 0.38671875 0.80859375 0.059375 0.25859375
1 0.23125 0.4984375 0.0234375 0.13515625
1 0.23984375 0.62421875 0.0390625 0.20234375
1 0.434375 0.83359375 0.04921875 0.2703125
1 0.85390625 0.76015625 0.04453125 0.18671875
1 0.57265625 0.59453125 0.03828125 0.14453125
1 0.815625 0.5296875 0.028125 0.13984375
1 0.2046875 0.45546875 0.0296875 0.128125
1 0.25703125 0.475 0.0328125 0.096875
1 0.19296875 0.74453125 0.0671875 0.2296875
1 0.50859375 0.58828125 0.03828125 0.14375
1 0.47265625 0.3859375 0.01640625 0.08984375
1 0.93125 0.74140625 0.034375 0.08359375
1 0.17421875 0.334375 0.0125 0.0515625
1 0.178125 0.28515625 0.0109375 0.05078125
1 0.0453125 0.55546875 0.0484375 0.30234375