0 0.13046875 0.6328125 0.065625 0.346875
1 0.16015625 0.428125 0.13515625 0.24296875
0 0.2421875 0.73359375 0.065625 0.32890625
1 0.4296875 0.678125 0.05078125 0.21015625
0 0.08671875 0.62265625 0.053125 0.33515625
0 0.18828125 0.634375 0.04375 0.2234375
1 0.28515625 0.61796875 0.03671875 0.21796875
1 0.225 0.46015625 0.02578125 0.13515625
0 0.3328125 0.7125 0.03984375 0.259375
1 0.871875 0.76015625 0.05 0.18984375
1 0.27890625 0.34765625 0.09921875 0.12734375
1 0.37265625 0.73828125 0.04375 0.2921875
1 0.44140625 0.8421875 0.04375 0.2546875
1 0.33046875 0.55625 0.02734375 0.1203125
1 0.2390625 0.3375 0.01328125 0.06171875
1 0.5265625 0.54375 0.02265625 0.14921875
1 0.30859375 0.6375 0.03359375 0.196875
1 0.35703125 0.58984375 0.02890625 0.16015625
1 0.16328125 0.4234375 0.021875 0.1046875