0 0.43046875 0.625 0.4203125 0.75
1 0.7484375 0.60390625 0.19921875 0.73046875
1 0.115625 0.790625 0.11875 0.36953125
1 0.0484375 0.59296875 0.084375 0.29453125
1 0.33515625 0.25625 0.04609375 0.14296875
1 0.20703125 0.27890625 0.040625 0.15
1 0.64375 0.2125 0.05625 0.15
1 0.24140625 0.28828125 0.03828125 0.1453125
1 0.6828125 0.2 0.03671875 0.10234375
1 0.9 0.51796875 0.1109375 0.51484375
1 0.96640625 0.44296875 0.0671875 0.465625
1 0.61796875 0.4734375 0.0546875 0.1765625
1 0.671875 0.5328125 0.09140625 0.38671875