1 0.55 0.45546875 0.06328125 0.28125
1 0.28203125 0.40625 0.065625 0.32890625
1 0.71171875 0.478125 0.065625 0.27734375
1 0.428125 0.46015625 0.059375 0.26640625
1 0.09921875 0.38046875 0.065625 0.29375
1 0.60390625 0.36953125 0.05625 0.28125
1 0.89140625 0.45390625 0.09609375 0.38359375
1 0.83359375 0.19140625 0.046875 0.175
1 0.03359375 0.31796875 0.046875 0.11875
1 0.221875 0.21796875 0.04765625 0.13125
1 0.3703125 0.3 0.0421875 0.1125
1 0.984375 0.33671875 0.02890625 0.15625
0 0.48125 0.528125 0.15234375 0.3953125