0 0.51875 0.57109375 0.44140625 0.7796875
1 0.74453125 0.20703125 0.0546875 0.15625
1 0.3 0.36796875 0.1171875 0.56875
1 0.76640625 0.421875 0.0734375 0.29375
1 0.8375 0.2375 0.05625 0.15
1 0.60859375 0.228125 0.059375 0.18515625
1 0.11328125 0.16875 0.0640625 0.15859375
1 0.525 0.06328125 0.034375 0.1265625
1 0.71640625 0.05859375 0.03515625 0.11640625
1 0.5703125 0.06640625 0.03515625 0.125
1 0.67890625 0.05859375 0.03515625 0.11640625
1 0.66953125 0.24765625 0.05703125 0.1375
1 0.88671875 0.24140625 0.04765625 0.15859375
1 0.98203125 0.15390625 0.03359375 0.12890625
1 0.47265625 0.06171875 0.03828125 0.12265625
1 0.43671875 0.03203125 0.0328125 0.0640625
1 0.76875 0.05859375 0.040625 0.11640625
1 0.6203125 0.05625 0.03515625 0.1125
1 0.10703125 0.40546875 0.0828125 0.31875
1 0.171875 0.1875 0.0546875 0.14609375
1 0.94296875 0.4375 0.0796875 0.31640625
1 0.5546875 0.22890625 0.05625 0.14140625