0 0.5796875 0.69609375 0.475 0.39375
1 0.94375 0.31171875 0.11015625 0.53125
1 0.6609375 0.353125 0.096875 0.33984375
1 0.61015625 0.07109375 0.05859375 0.14140625
1 0.23515625 0.38046875 0.09375 0.44765625
1 0.51875 0.36328125 0.09609375 0.28125
1 0.80625 0.19375 0.05234375 0.175
1 0.7 0.10625 0.059375 0.15
1 0.3421875 0.096875 0.05859375 0.16484375
1 0.27890625 0.09765625 0.0515625 0.1375
1 0.15078125 0.13046875 0.05625 0.26015625
1 0.41484375 0.3 0.096875 0.50390625
1 0.76015625 0.09921875 0.059375 0.14765625
1 0.7234375 0.34765625 0.05625 0.3203125
1 0.775 0.3390625 0.06796875 0.31875
1 0.5984375 0.2375 0.0671875 0.27578125
1 0.55390625 0.25 0.05625 0.25546875
1 0.47109375 0.23828125 0.06015625 0.27890625
1 0.50703125 0.20703125 0.0484375 0.196875
1 0.33515625 0.21171875 0.07421875 0.23125
1 0.09140625 0.3765625 0.1171875 0.5359375
1 0.15390625 0.3578125 0.06328125 0.24296875
1 0.04453125 0.3984375 0.04609375 0.27265625