1 0.059375 0.34765625 0.0640625 0.14140625
1 0.415625 0.296875 0.04453125 0.12734375
1 0.7671875 0.45390625 0.0828125 0.3625
1 0.5703125 0.47421875 0.10078125 0.46875
1 0.21015625 0.4875 0.078125 0.30859375
1 0.29296875 0.259375 0.0453125 0.11484375
1 0.64296875 0.25390625 0.05390625 0.15390625
1 0.46875 0.32265625 0.0515625 0.16640625
1 0.21484375 0.12421875 0.0359375 0.14375
1 0.1203125 0.36171875 0.05234375 0.15625
1 0.34921875 0.5125 0.08671875 0.2625
1 0.36328125 0.29140625 0.04921875 0.19140625
0 0.3921875 0.68671875 0.2109375 0.56171875
1 0.07578125 0.14140625 0.0328125 0.13359375
1 0.52265625 0.18046875 0.04765625 0.16875
1 0.40625 0.1 0.03515625 0.2
1 0.71171875 0.23671875 0.0703125 0.19765625
1 0.32578125 0.12421875 0.0265625 0.13984375
1 0.2453125 0.26328125 0.04296875 0.15234375
1 0.034375 0.22890625 0.0453125 0.12890625
1 0.83359375 0.47109375 0.065625 0.3875
1 0.48125 0.12890625 0.028125 0.15
1 0.97265625 0.51171875 0.05234375 0.47734375
1 0.5828125 0.1625 0.03515625 0.1375
1 0.66953125 0.48125 0.08671875 0.475
1 0.2984375 0.12578125 0.0328125 0.13984375