1 0.52265625 0.6640625 0.13984375 0.509375
1 0.61015625 0.48125 0.10625 0.5390625
1 0.5265625 0.36328125 0.0875 0.2953125
1 0.3640625 0.62421875 0.12578125 0.51640625
1 0.22265625 0.62109375 0.10703125 0.53203125
1 0.78203125 0.53828125 0.15546875 0.71328125
1 0.0484375 0.67265625 0.09609375 0.49375
1 0.13203125 0.4578125 0.10546875 0.578125
1 0.28359375 0.48203125 0.08671875 0.56875
1 0.89140625 0.58515625 0.10703125 0.396875
1 0.72890625 0.48828125 0.09140625 0.5140625
1 0.953125 0.5140625 0.09375 0.725
1 0.9015625 0.37421875 0.08828125 0.2625
1 0.04296875 0.42734375 0.08515625 0.55703125