1 0.271875 0.45234375 0.09296875 0.48671875
1 0.41328125 0.4484375 0.075 0.315625
1 0.515625 0.46796875 0.0671875 0.3015625
1 0.61015625 0.471875 0.0671875 0.3078125
1 0.46640625 0.46484375 0.05859375 0.30703125
1 0.140625 0.453125 0.09296875 0.47265625
1 0.034375 0.5203125 0.0671875 0.3125
1 0.0875 0.50234375 0.06875 0.29296875
1 0.03125 0.14921875 0.03046875 0.1453125
1 0.56171875 0.46328125 0.06796875 0.3
1 0.628125 0.1015625 0.03515625 0.13671875
1 0.57890625 0.1 0.034375 0.13984375
1 0.7421875 0.08125 0.0359375 0.1296875
1 0.6875 0.56015625 0.07890625 0.48046875
1 0.971875 0.40625 0.05546875 0.51328125
1 0.6703125 0.2546875 0.059375 0.16328125
1 0.778125 0.071875 0.0328125 0.12578125
1 0.4015625 0.1234375 0.03046875 0.1296875
1 0.7328125 0.20390625 0.0421875 0.153125
1 0.8296875 0.065625 0.0359375 0.13125
1 0.55 0.0953125 0.0296875 0.10859375
1 0.803125 0.25 0.040625 0.128125
1 0.51875 0.31171875 0.05234375 0.146875
1 0.14765625 0.059375 0.03046875 0.08671875
1 0.7578125 0.25390625 0.05859375 0.13125
1 0.2625 0.0875 0.0375 0.125
1 0.74453125 0.4640625 0.05625 0.32578125
1 0.53828125 0.26328125 0.0390625 0.1484375
1 0.63671875 0.31328125 0.04921875 0.14765625
1 0.51484375 0.11328125 0.0234375 0.09765625
1 0.17578125 0.2125 0.040625 0.12265625
1 0.46328125 0.2953125 0.05859375 0.146875
1 0.7109375 0.31953125 0.04296875 0.10546875
1 0.43203125 0.23515625 0.04140625 0.1234375
1 0.37578125 0.0859375 0.02578125 0.10703125
1 0.89140625 0.23203125 0.04453125 0.109375
1 0.84296875 0.1734375 0.05859375 0.11796875
1 0.55703125 0.18046875 0.04453125 0.13203125
1 0.5828125 0.3 0.0609375 0.14453125
1 0.3203125 0.08125 0.021875 0.10703125
1 0.34140625 0.0828125 0.02421875 0.11328125
1 0.4078125 0.30234375 0.04765625 0.11953125
1 0.4640625 0.2109375 0.0484375 0.115625
1 0.92265625 0.171875 0.06484375 0.1265625
1 0.74765625 0.3375 0.03515625 0.0734375
1 0.0578125 0.2515625 0.06875 0.1390625
1 0.31875 0.1359375 0.03359375 0.125
1 0.4984375 0.2546875 0.03515625 0.11953125
1 0.83828125 0.25078125 0.059375 0.128125
1 0.4265625 0.03828125 0.028125 0.05546875
1 0.5921875 0.22578125 0.05859375 0.13046875
1 0.45625 0.11953125 0.02890625 0.128125
1 0.77734375 0.19453125 0.04609375 0.1421875
1 0.93671875 0.06484375 0.03046875 0.12890625
1 0.528125 0.18359375 0.053125 0.1296875
1 0.1359375 0.290625 0.08125 0.1609375
1 0.00625 0.1578125 0.0125 0.134375
1 0.0578125 0.34609375 0.0703125 0.11640625
1 0.453125 0.04296875 0.0234375 0.05234375
1 0.3578125 0.075 0.01875 0.0921875
1 0.64765625 0.178125 0.0421875 0.10859375
1 0.11015625 0.38125 0.04921875 0.21328125
1 0.98125 0.04296875 0.03671875 0.08515625
1 0.678125 0.38984375 0.0453125 0.13984375
1 0.6625 0.0859375 0.03125 0.12890625
1 0.9796875 0.153125 0.040625 0.128125
1 0.11953125 0.07421875 0.02421875 0.10234375
1 0.3984375 0.04375 0.025 0.0484375
1 0.178125 0.059375 0.02890625 0.065625
1 0.88203125 0.03515625 0.04140625 0.06640625
1 0.184375 0.13046875 0.0375 0.128125
1 0.43046875 0.11875 0.03125 0.12890625
1 0.69453125 0.0859375 0.03203125 0.15
0 0.7609375 0.63203125 0.40234375 0.73515625