1 0.1015625 0.675 0.16875 0.39140625
1 0.84921875 0.29140625 0.08046875 0.325
1 0.95078125 0.49921875 0.09609375 0.28984375
1 0.76328125 0.26875 0.065625 0.2625
1 0.16171875 0.29375 0.0609375 0.30390625
1 0.040625 0.2859375 0.08125 0.290625
0 0.47734375 0.5 0.57578125 1
1 0.57578125 0.50546875 0.0953125 0.2265625
1 0.69921875 0.440625 0.14765625 0.20234375
1 0.8046875 0.5 0.12734375 0.246875
1 0.903125 0.4109375 0.09375 0.19921875
1 0.9140625 0.20703125 0.06484375 0.209375
1 0.7109375 0.2296875 0.046875 0.1796875
1 0.68046875 0.29140625 0.09609375 0.16875
1 0.62734375 0.3421875 0.05859375 0.23828125
1 0.4875 0.45859375 0.07734375 0.25078125
1 0.58828125 0.3984375 0.10390625 0.1625
1 0.43828125 0.6015625 0.1078125 0.27109375
1 0.4859375 0.246875 0.09375 0.32421875
1 0.2265625 0.215625 0.04375 0.18515625
1 0.2171875 0.6125 0.140625 0.34765625
1 0.0328125 0.58203125 0.065625 0.35859375
1 0.0765625 0.459375 0.0859375 0.18984375
1 0.1359375 0.3921875 0.071875 0.1765625
1 0.08125 0.27421875 0.05859375 0.2640625
1 0.5671875 0.24140625 0.0578125 0.2359375
1 0.63515625 0.19921875 0.0734375 0.18046875