0 0.51015625 0.5 0.228125 1
1 0.16171875 0.43671875 0.09140625 0.48046875
1 0.74765625 0.4390625 0.10546875 0.41796875
1 0.04765625 0.5671875 0.0953125 0.259375
1 0.83984375 0.39375 0.10546875 0.47578125
1 0.96640625 0.2828125 0.06640625 0.265625
1 0.246875 0.38984375 0.0875 0.49296875
1 0.0421875 0.3578125 0.084375 0.33671875
1 0.1046875 0.4109375 0.0765625 0.4734375
1 0.29765625 0.396875 0.05859375 0.40625
1 0.3484375 0.43515625 0.103125 0.453125
1 0.64765625 0.528125 0.0953125 0.29375
1 0.6609375 0.30546875 0.07734375 0.23359375
1 0.74140625 0.58984375 0.13359375 0.34921875
1 0.815625 0.52734375 0.0890625 0.41640625
1 0.90703125 0.63359375 0.14375 0.32109375
1 0.9578125 0.52109375 0.084375 0.38359375