0 0.57734375 0.53046875 0.271875 0.68515625
1 0.27109375 0.47421875 0.07109375 0.29375
1 0.6578125 0.2875 0.05703125 0.15390625
1 0.79296875 0.22421875 0.05234375 0.16875
1 0.4515625 0.41640625 0.09921875 0.4375
1 0.71953125 0.27421875 0.06171875 0.13984375
1 0.9703125 0.16875 0.05703125 0.1875
1 0.57421875 0.10625 0.040625 0.14140625
1 0.6265625 0.10625 0.0328125 0.125
1 0.52578125 0.10625 0.03515625 0.1375
1 0.7578125 0.42421875 0.075 0.29765625
1 0.94140625 0.42890625 0.08671875 0.325
1 0.84453125 0.2875 0.05234375 0.11640625
1 0.68828125 0.07421875 0.0328125 0.13515625
1 0.225 0.49765625 0.0609375 0.2828125
1 0.7734375 0.2796875 0.04453125 0.1140625
1 0.66328125 0.08671875 0.02734375 0.1265625
1 0.815625 0.4359375 0.071875 0.29140625
1 0.88984375 0.4328125 0.07109375 0.31171875
1 0.8921875 0.2359375 0.05546875 0.1484375
1 0.46640625 0.08046875 0.02734375 0.109375
1 0.4984375 0.07734375 0.02734375 0.103125
1 0.690625 0.1828125 0.04609375 0.16015625
1 0.18671875 0.15859375 0.03046875 0.15546875
1 0.94140625 0.24609375 0.05625 0.17734375
1 0.78046875 0.0671875 0.0296875 0.13359375
1 0.13125 0.36796875 0.059375 0.16875
1 0.16640625 0.5265625 0.07578125 0.27421875
1 0.31328125 0.38984375 0.059375 0.23359375
1 0.33203125 0.1984375 0.03671875 0.0890625
1 0.23515625 0.35 0.0484375 0.12578125
1 0.03046875 0.29921875 0.06015625 0.15
1 0.44453125 0.08046875 0.0203125 0.11015625
1 0.65390625 0.146875 0.0390625 0.0828125
1 0.27734375 0.07890625 0.02890625 0.09296875
1 0.25390625 0.08671875 0.0265625 0.096875
1 0.5484375 0.1109375 0.03046875 0.13359375
1 0.16796875 0.2828125 0.05390625 0.13828125
1 0.11171875 0.2859375 0.059375 0.14375
1 0.35234375 0.06953125 0.02734375 0.0859375
1 0.6078125 0.2703125 0.0375 0.13046875
1 0.04375 0.553125 0.0859375 0.28359375
1 0.228125 0.28203125 0.0625 0.11328125
1 0.1625 0.1640625 0.03359375 0.121875
1 0.34453125 0.25234375 0.05390625 0.125
1 0.08359375 0.428125 0.07578125 0.28125
1 0.2890625 0.26640625 0.046875 0.1265625
1 0.36796875 0.18828125 0.0265625 0.09140625
1 0.565625 0.06015625 0.025 0.1203125
1 0.05 0.22734375 0.0953125 0.1140625
1 0.27421875 0.3265625 0.03984375 0.109375
1 0.18515625 0.36328125 0.05625 0.16171875
1 0.41328125 0.259375 0.034375 0.1390625
1 0.30625 0.0640625 0.025 0.06171875
1 0.53984375 0.02890625 0.0234375 0.05703125
1 0.8625 0.18984375 0.04140625 0.1328125
1 0.31640625 0.11328125 0.03203125 0.09140625
1 0.6046875 0.19375 0.04140625 0.096875
1 0.02578125 0.39296875 0.05078125 0.146875
1 0.3296875 0.06796875 0.02421875 0.071875
1 0.3875 0.06953125 0.03125 0.10625
1 0.303125 0.17265625 0.028125 0.08515625
1 0.5171875 0.0375 0.02265625 0.04609375
1 0.4453125 0.13515625 0.03203125 0.115625
1 0.41484375 0.36875 0.05546875 0.3859375
1 0.82109375 0.06484375 0.03359375 0.121875
1 0.37578125 0.05 0.01640625 0.0765625
1 0.846875 0.06640625 0.04140625 0.1265625
1 0.9015625 0.07578125 0.05625 0.14609375