0 0.53203125 0.52890625 0.26171875 0.809375
1 0.79609375 0.5015625 0.34921875 0.99296875
1 0.03125 0.5 0.0625 0.428125
1 0.36953125 0.5328125 0.05859375 0.15546875
1 0.284375 0.58984375 0.06328125 0.08515625
1 0.41328125 0.5265625 0.034375 0.1328125
1 0.21328125 0.54296875 0.053125 0.15546875
1 0.078125 0.5921875 0.065625 0.18359375
1 0.17890625 0.621875 0.0671875 0.05859375
1 0.1140625 0.5640625 0.0546875 0.16328125
1 0.23984375 0.45703125 0.0484375 0.09765625
1 0.13046875 0.32421875 0.03984375 0.06796875
1 0.06171875 0.3921875 0.0421875 0.1046875
1 0.1265625 0.4515625 0.0484375 0.12734375
1 0.38515625 0.45625 0.03671875 0.06015625
1 0.3921875 0.315625 0.03828125 0.0640625
1 0.2484375 0.40078125 0.0421875 0.065625