1 0.95 0.3 0.096875 0.5375
1 0.671875 0.34375 0.1015625 0.34140625
1 0.2453125 0.371875 0.0921875 0.45234375
1 0.78984375 0.33125 0.06875 0.3125
1 0.62265625 0.065625 0.0546875 0.13125
1 0.28515625 0.09296875 0.04765625 0.13515625
1 0.42421875 0.32890625 0.1015625 0.575
1 0.71171875 0.09375 0.0609375 0.1375
1 0.16015625 0.125 0.05859375 0.25
1 0.065625 0.22421875 0.06328125 0.19375
1 0.5671875 0.25546875 0.059375 0.26015625
1 0.778125 0.08515625 0.06875 0.1625
0 0.61171875 0.7125 0.41796875 0.4
1 0.37734375 0.54609375 0.19609375 0.50625