2 0.359375 0.6547619047619048 0.3671875 0.6666666666666666 0.428125 0.6333333333333333 0.4234375 0.619047619047619 0.4171875 0.619047619047619 0.3640625 0.6428571428571428 0.359375 0.6547619047619048
2 0.44375 0.5738095238095238 0.4484375 0.5904761904761904 0.4546875 0.5904761904761904 0.4609375 0.569047619047619 0.4734375 0.569047619047619 0.475 0.5857142857142856 0.4828125 0.5904761904761904 0.4859375 0.5761904761904761 0.5015625 0.569047619047619 0.503125 0.5571428571428572 0.54375 0.5428571428571428 0.53125 0.5357142857142857 0.4484375 0.5571428571428572 0.44375 0.5738095238095238
2 0.4421875 0.7047619047619047 0.44375 0.7190476190476189 0.453125 0.7238095238095237 0.465625 0.6976190476190476 0.4984375 0.6976190476190476 0.5078125 0.6761904761904762 0.5296875 0.669047619047619 0.5421875 0.6547619047619048 0.540625 0.6452380952380952 0.53125 0.6452380952380952 0.4484375 0.6928571428571428 0.4421875 0.7047619047619047
2 0.4484375 0.5214285714285715 0.459375 0.5261904761904762 0.4640625 0.5095238095238095 0.4765625 0.5095238095238095 0.478125 0.5357142857142857 0.4859375 0.5380952380952381 0.49375 0.5142857142857142 0.5390625 0.49285714285714277 0.521875 0.4809523809523809 0.4515625 0.49285714285714277 0.4484375 0.5214285714285715
2 0.4421875 0.6523809523809524 0.4515625 0.6523809523809524 0.4578125 0.6309523809523809 0.46875 0.6285714285714286 0.4671875 0.6595238095238095 0.4734375 0.6595238095238095 0.5 0.6142857142857142 0.5375 0.6023809523809524 0.54375 0.5928571428571427 0.525 0.588095238095238 0.4453125 0.619047619047619 0.4421875 0.6523809523809524
2 0.471875 0.419047619047619 0.459375 0.43571428571428567 0.44375 0.43809523809523804 0.4390625 0.4428571428571428 0.4421875 0.469047619047619 0.4625 0.45 0.4671875 0.45476190476190476 0.465625 0.4738095238095238 0.475 0.47857142857142854 0.48125 0.4619047619047619 0.5015625 0.44761904761904764 0.5375 0.43571428571428567 0.515625 0.41666666666666663 0.509375 0.4261904761904762 0.471875 0.419047619047619
2 0.446875 0.7619047619047619 0.4484375 0.7928571428571428 0.4609375 0.7952380952380952 0.465625 0.7738095238095237 0.475 0.769047619047619 0.475 0.7880952380952381 0.4828125 0.7928571428571428 0.4875 0.7714285714285714 0.509375 0.7357142857142857 0.5421875 0.7071428571428571 0.5265625 0.7023809523809523 0.4515625 0.7547619047619047 0.446875 0.7619047619047619
2 0.309375 0.45476190476190476 0.321875 0.45476190476190476 0.325 0.43809523809523804 0.34375 0.43809523809523804 0.3453125 0.4738095238095238 0.3546875 0.47619047619047616 0.3640625 0.45476190476190476 0.4234375 0.41666666666666663 0.3703125 0.4095238095238095 0.30625 0.42142857142857143 0.309375 0.45476190476190476
2 0.3 0.5952380952380951 0.296875 0.6047619047619047 0.340625 0.6023809523809524 0.3359375 0.6428571428571428 0.3453125 0.6476190476190476 0.359375 0.6119047619047618 0.3765625 0.6095238095238095 0.384375 0.588095238095238 0.4234375 0.5714285714285714 0.421875 0.5595238095238095 0.403125 0.5595238095238095 0.3390625 0.5785714285714285 0.3 0.5952380952380951
2 0.2625 0.7119047619047618 0.278125 0.7166666666666666 0.309375 0.6976190476190476 0.3140625 0.7023809523809523 0.3109375 0.738095238095238 0.321875 0.738095238095238 0.3296875 0.7095238095238094 0.3578125 0.6880952380952381 0.35625 0.6523809523809524 0.3421875 0.6523809523809524 0.26875 0.6928571428571428 0.2625 0.7119047619047618
2 0.36875 0.5095238095238095 0.3609375 0.4833333333333333 0.3046875 0.4976190476190476 0.3 0.5047619047619047 0.3015625 0.530952380952381 0.315625 0.5380952380952381 0.321875 0.5166666666666666 0.340625 0.5119047619047619 0.346875 0.519047619047619 0.346875 0.5476190476190477 0.3546875 0.55 0.3640625 0.5238095238095238 0.3828125 0.519047619047619 0.390625 0.5 0.440625 0.48571428571428565 0.440625 0.4714285714285714 0.41875 0.4714285714285714 0.3703125 0.4833333333333333 0.36875 0.5095238095238095
2 0.2890625 0.8047619047619048 0.303125 0.8166666666666667 0.309375 0.7880952380952381 0.3296875 0.7761904761904762 0.3328125 0.8142857142857143 0.3453125 0.8166666666666667 0.35 0.780952380952381 0.371875 0.7619047619047619 0.3765625 0.738095238095238 0.4421875 0.680952380952381 0.428125 0.6738095238095239 0.2875 0.7833333333333333 0.2890625 0.8047619047619048
2 0.353125 0.8428571428571429 0.3421875 0.8285714285714285 0.2828125 0.8880952380952379 0.2796875 0.9023809523809524 0.2875 0.9214285714285714 0.3015625 0.9238095238095237 0.303125 0.8976190476190476 0.3203125 0.8761904761904761 0.3328125 0.8785714285714284 0.3328125 0.9142857142857143 0.3453125 0.9119047619047619 0.3484375 0.8785714285714284 0.3703125 0.8547619047619047 0.371875 0.8333333333333333 0.43125 0.7761904761904762 0.4390625 0.7642857142857142 0.434375 0.7547619047619047 0.3625 0.8119047619047619 0.353125 0.8428571428571429
2 0.046875 0.35952380952380947 0.05 0.40714285714285714 0.06875 0.4119047619047619 0.078125 0.40476190476190477 0.0828125 0.3857142857142857 0.1203125 0.3833333333333333 0.128125 0.3904761904761905 0.128125 0.40714285714285714 0.1171875 0.42857142857142855 0.13125 0.43809523809523804 0.15 0.40714285714285714 0.184375 0.40476190476190477 0.190625 0.3833333333333333 0.23125 0.3761904761904762 0.2296875 0.36190476190476184 0.2109375 0.3547619047619047 0.1234375 0.35238095238095235 0.0515625 0.3547619047619047 0.046875 0.35952380952380947
2 0.1 0.4595238095238095 0.03125 0.4619047619047619 0.034375 0.5142857142857142 0.053125 0.5142857142857142 0.0578125 0.49285714285714277 0.0671875 0.48571428571428565 0.1078125 0.4809523809523809 0.1140625 0.4976190476190476 0.0984375 0.5333333333333333 0.11875 0.5380952380952381 0.1359375 0.5047619047619047 0.1765625 0.49523809523809526 0.178125 0.4714285714285714 0.2453125 0.4666666666666666 0.2671875 0.45714285714285713 0.2546875 0.4428571428571428 0.18125 0.4428571428571428 0.109375 0.45 0.1 0.4595238095238095
2 0.0515625 0.638095238095238 0.0546875 0.6452380952380952 0.0765625 0.6404761904761904 0.0859375 0.6047619047619047 0.1203125 0.5809523809523809 0.1328125 0.5904761904761904 0.1265625 0.6333333333333333 0.1421875 0.6333333333333333 0.1515625 0.6 0.1921875 0.5833333333333333 0.19375 0.5595238095238095 0.284375 0.530952380952381 0.2828125 0.5142857142857142 0.271875 0.5142857142857142 0.046875 0.5738095238095238 0.0515625 0.638095238095238
2 0.165625 0.8404761904761905 0.153125 0.8595238095238095 0.1140625 0.8595238095238095 0.084375 0.8785714285714284 0.015625 0.8976190476190476 0.0109375 0.9547619047619047 0.0296875 0.9595238095238094 0.0375 0.9523809523809523 0.0453125 0.919047619047619 0.09375 0.9047619047619048 0.096875 0.9214285714285714 0.0796875 0.9619047619047618 0.0984375 0.9690476190476189 0.115625 0.9238095238095237 0.1625 0.9047619047619048 0.184375 0.8666666666666666 0.2859375 0.8309523809523809 0.2859375 0.819047619047619 0.271875 0.8142857142857143 0.2125 0.8357142857142856 0.165625 0.8404761904761905
2 0.0515625 0.6976190476190476 0.059375 0.738095238095238 0.078125 0.7333333333333333 0.0828125 0.7047619047619047 0.1 0.6928571428571428 0.1296875 0.6857142857142857 0.1328125 0.6928571428571428 0.1234375 0.7404761904761904 0.1359375 0.7476190476190475 0.134375 0.7619047619047619 0.0640625 0.7833333333333333 0.0609375 0.8023809523809524 0.0671875 0.838095238095238 0.0890625 0.8333333333333333 0.0953125 0.8023809523809524 0.134375 0.7857142857142857 0.1421875 0.8023809523809524 0.1328125 0.8428571428571429 0.1515625 0.8452380952380952 0.159375 0.8047619047619048 0.1828125 0.7976190476190476 0.2046875 0.7785714285714286 0.2078125 0.7547619047619047 0.2671875 0.7309523809523809 0.265625 0.7190476190476189 0.2515625 0.7166666666666666 0.1453125 0.7452380952380951 0.1453125 0.7261904761904762 0.1609375 0.6833333333333333 0.1765625 0.6904761904761905 0.1953125 0.6785714285714286 0.196875 0.6547619047619048 0.246875 0.6333333333333333 0.25 0.6166666666666666 0.2375 0.6142857142857142 0.0546875 0.6833333333333333 0.0515625 0.6976190476190476