4 0.4328125 0.21484375 0.759375 0.1609375
4 0.43125 0.375 0.834375 0.15
4 0.509375 0.51796875 0.7015625 0.209375
1 0.9484375 0.55078125 0.0609375 0.2078125
3 0.87109375 0.7171875 0.2 0.1375
3 0.6453125 0.71171875 0.2 0.134375
3 0.43046875 0.7125 0.1828125 0.1328125
3 0.20546875 0.70078125 0.146875 0.11875
1 0.04921875 0.5890625 0.0703125 0.2265625
1 0.025 0.7796875 0.0453125 0.146875
1 0.1453125 0.828125 0.1859375 0.05625
1 0.90859375 0.84609375 0.1828125 0.0625
1 0.77421875 0.5890625 0.1453125 0.1015625
1 0.5265625 0.84375 0.5625 0.0921875