4 0.89765625 0.37109375 0.2046875 0.5890625
4 0.8578125 0.5578125 0.2125 0.5859375
4 0.65 0.48671875 0.209375 0.3875
4 0.66796875 0.22734375 0.178125 0.45
4 0.521875 0.23203125 0.16875 0.4546875
4 0.50625 0.671875 0.2328125 0.65625
3 0.3578125 0.60234375 0.1546875 0.1078125
3 0.31015625 0.5515625 0.16875 0.1171875
3 0.3859375 0.4546875 0.165625 0.0921875
3 0.3390625 0.390625 0.1640625 0.09375
1 0.34609375 0.31484375 0.1453125 0.0328125
1 0.35 0.28125 0.1375 0.0390625
1 0.7859375 0.2015625 0.0390625 0.1203125
1 0.6984375 0.19453125 0.040625 0.1296875
1 0.74296875 0.22578125 0.0484375 0.159375
1 0.6734375 0.0875 0.034375 0.121875
1 0.7125 0.0796875 0.0265625 0.1015625
1 0.74609375 0.0828125 0.021875 0.0984375
1 0.77421875 0.08671875 0.034375 0.1109375