4 0.50625 0.86875 0.6421875 0.18125
4 0.19375 0.40390625 0.2578125 0.7703125
4 0.3390625 0.4546875 0.2359375 0.6203125
4 0.5921875 0.46015625 0.24375 0.65625
4 0.8296875 0.4796875 0.2546875 0.5796875
4 0.5671875 0.134375 0.5875 0.178125
1 0.1828125 0.26796875 0.10625 0.2390625
1 0.321875 0.2203125 0.0625 0.165625
1 0.6609375 0.4390625 0.04375 0.1421875
1 0.8609375 0.29453125 0.096875 0.209375
3 0.678125 0.29921875 0.1453125 0.1375
3 0.48046875 0.6890625 0.1296875 0.11875
1 0.33671875 0.40390625 0.053125 0.1875