1 0.7703125 0.79921875 0.4453125 0.1421875
1 0.4109375 0.68984375 0.0828125 0.615625
1 0.228125 0.703125 0.15 0.5890625
1 0.59765625 0.203125 0.0359375 0.3734375
1 0.6359375 0.1921875 0.03125 0.365625
1 0.6734375 0.203125 0.028125 0.3640625
1 0.87109375 0.24765625 0.103125 0.0671875
1 0.87734375 0.3328125 0.10625 0.065625
0 0.2359375 0.2765625 0.0671875 0.2125
0 0.10234375 0.20546875 0.1234375 0.3640625
1 0.515625 0.6921875 0.0515625 0.60625
1 0.0546875 0.69296875 0.0703125 0.6125
1 0.12890625 0.69296875 0.046875 0.6125