0 0.67578125 0.27421875 0.0078125 0.065625
0 0.74453125 0.365625 0.0078125 0.065625
0 0.67578125 0.365625 0.0078125 0.06875
0 0.709375 0.36796875 0.0078125 0.0671875
0 0.49140625 0.41171875 0.0625 0.109375
0 0.74453125 0.46015625 0.0171875 0.06875
0 0.640625 0.55625 0.028125 0.05
0 0.675 0.55625 0.0296875 0.05
0 0.7609375 0.65078125 0.0625 0.028125
0 0.83046875 0.6515625 0.0625 0.0265625
0 0.69296875 0.6515625 0.0625 0.0265625
0 0.76640625 0.77890625 0.0359375 0.0578125
0 0.83515625 0.78125 0.053125 0.01875
0 0.6421875 0.78359375 0.01875 0.0640625
0 0.67578125 0.78359375 0.0265625 0.0609375
0 0.834375 0.859375 0.0515625 0.0265625