0 0.07109375 0.25703125 0.13125 0.3671875
0 0.25390625 0.19609375 0.13125 0.371875
0 0.409375 0.1671875 0.1328125 0.3109375
0 0.62109375 0.15 0.1265625 0.3
0 0.76328125 0.15390625 0.1484375 0.3078125
0 0.9359375 0.1734375 0.121875 0.346875
0 0.9359375 0.7390625 0.125 0.3015625
0 0.8015625 0.7484375 0.1203125 0.290625
0 0.67734375 0.73671875 0.121875 0.3453125
0 0.5390625 0.74140625 0.1234375 0.325
0 0.36328125 0.7609375 0.1234375 0.3015625
0 0.203125 0.79453125 0.1328125 0.3421875
0 0.0703125 0.784375 0.1375 0.3375