0 0.96328125 0.50625 0.0703125 0.31875
0 0.57109375 0.50703125 0.0859375 0.3078125
0 0.709375 0.51171875 0.090625 0.3234375
0 0.84453125 0.51171875 0.0859375 0.3234375
0 0.43671875 0.51171875 0.0921875 0.3359375
0 0.16875 0.5484375 0.334375 0.896875
0 0.815625 0.7953125 0.121875 0.1328125
0 0.96640625 0.85 0.0640625 0.3
0 0.51875 0.93515625 0.2375 0.1234375
0 0.4375 0.15625 0.09375 0.3
0 0.9484375 0.1796875 0.1 0.2828125
0 0.828125 0.1796875 0.10625 0.2765625
0 0.709375 0.18125 0.096875 0.2796875
0 0.57265625 0.19375 0.1 0.253125