4 0.0953125 0.52890625 0.190625 0.85625
4 0.21171875 0.45546875 0.1546875 0.834375
4 0.64765625 0.0640625 0.7046875 0.1078125
4 0.30390625 0.5453125 0.1703125 0.8171875
4 0.4859375 0.5421875 0.2109375 0.8390625
4 0.7765625 0.19140625 0.446875 0.1421875
4 0.775 0.34140625 0.45 0.1640625
4 0.775 0.4828125 0.45 0.178125
3 0.6140625 0.6359375 0.190625 0.1171875
3 0.8453125 0.6421875 0.2140625 0.115625
3 0.8171875 0.7609375 0.2984375 0.1375
3 0.7359375 0.78828125 0.125 0.0828125
3 0.60234375 0.7875 0.146875 0.0984375
3 0.678125 0.915625 0.2265625 0.1453125
3 0.87734375 0.90859375 0.221875 0.1453125